Format: EncDifference(long),EncBuffer(long int),WheelPositionRadians(float),encRate(ticks/sec)(float),MotorVoltage(float),MotorCurrent(float)

0,-8990,-15.71,0.00,0.01,0.09
0,-8990,-15.71,0.00,0.01,0.09
0,-8990,-15.71,0.00,0.01,0.09
0,-8990,-15.71,0.00,0.01,0.09
0,-8990,-15.71,0.00,0.01,0.09
0,-8990,-15.71,0.00,0.01,0.09
0,-8990,-15.71,0.00,0.01,0.09
0,-8990,-15.71,0.00,0.01,0.08
0,-8990,-15.71,0.00,0.01,0.08
0,-8990,-15.71,0.00,0.01,0.09
0,-8990,-15.71,0.00,0.01,0.09
0,-8990,-15.71,0.00,0.01,0.09
0,-8990,-15.71,0.00,0.01,0.09
0,-8990,-15.71,0.00,0.01,0.09
0,-8990,-15.71,0.00,0.01,0.09
0,-8990,-15.71,0.00,0.01,0.09
0,-8990,-15.71,0.00,0.01,0.09
0,-8990,-15.71,0.00,0.01,0.09
0,-8990,-15.71,0.00,0.01,0.09
0,-8990,-15.71,0.00,0.01,0.08
0,-8990,-15.71,0.00,0.01,0.08
0,-8990,-15.71,0.00,0.01,0.08
0,-8990,-15.71,0.00,0.01,0.08
0,-8990,-15.71,0.00,0.01,0.08
0,-8990,-15.71,0.00,0.01,0.08
0,-8990,-15.71,0.00,0.01,0.08
0,-8990,-15.71,0.00,0.01,0.09
0,-8990,-15.71,0.00,0.01,0.08
0,-8990,-15.71,0.00,0.01,0.09
0,-8990,-15.71,0.00,0.01,0.09
0,-8990,-15.71,0.00,0.01,0.09
0,-8990,-15.71,0.00,0.01,0.09
0,-8990,-15.71,0.00,0.01,0.09
0,-8990,-15.71,0.00,0.01,0.09
0,-8990,-15.71,0.00,0.01,0.09
0,-8990,-15.71,0.00,0.01,0.09
0,-8990,-15.71,0.00,0.01,0.09
0,-8990,-15.71,0.00,0.01,0.09
0,-8990,-15.71,0.00,0.01,0.09
0,-8990,-15.71,0.00,0.01,0.09
0,-8990,-15.71,0.00,0.01,0.09
0,-8990,-15.71,0.00,0.01,0.09
0,-8990,-15.71,0.00,0.01,0.09
0,-8990,-15.71,0.00,0.01,0.09
0,-8990,-15.71,0.00,0.01,0.09
0,-8990,-15.71,0.00,0.01,0.09
0,-8990,-15.71,0.00,0.01,0.09
0,-8990,-15.71,0.00,0.01,0.09
0,-8990,-15.71,0.00,0.01,0.09
0,-8990,-15.71,0.00,0.01,0.09
0,-8990,-15.71,0.00,0.01,0.09
0,-8990,-15.71,0.00,0.01,0.09
0,-8990,-15.71,0.00,0.01,0.09
0,-8990,-15.71,0.00,0.01,0.09
0,-8990,-15.71,0.00,0.01,0.09
0,-8990,-15.71,0.00,0.01,0.09
0,-8990,-15.71,0.00,0.01,0.09
0,-8990,-15.71,0.00,0.01,0.09
0,-8990,-15.71,0.00,0.01,0.09
0,-8990,-15.71,0.00,0.01,0.09
0,-8990,-15.71,0.00,0.01,0.09
0,-8990,-15.71,0.00,0.01,0.09
0,-8990,-15.71,0.00,0.01,0.09
0,-8990,-15.71,0.00,0.01,0.08
0,-8990,-15.71,0.00,0.01,0.09
0,-8990,-15.71,0.00,0.01,0.09
0,-8990,-15.71,0.00,0.01,0.09
0,-8990,-15.71,0.00,0.01,0.09
0,-8990,-15.71,0.00,0.01,0.09
0,-8990,-15.71,0.00,0.01,0.08
0,-8990,-15.71,0.00,0.01,0.09
0,-8990,-15.71,0.00,0.01,0.09
0,-8990,-15.71,0.00,0.01,0.09
0,-8990,-15.71,0.00,0.01,0.09
0,-8990,-15.71,0.00,0.01,0.08
0,-8990,-15.71,0.00,0.01,0.09
0,-8990,-15.71,0.00,0.01,0.09
0,-8990,-15.71,0.00,0.01,0.09
0,-8990,-15.71,0.00,0.01,0.09
0,-8990,-15.71,0.00,0.01,0.09
0,-8990,-15.71,0.00,0.01,0.09
0,-8990,-15.71,0.00,0.01,0.09
0,-8990,-15.71,0.00,0.01,0.09
0,-8990,-15.71,0.00,0.01,0.09
0,-8990,-15.71,0.00,0.01,0.09
0,-8990,-15.71,0.00,0.01,0.09
0,-8990,-15.71,0.00,0.01,0.09
0,-8990,-15.71,0.00,0.01,0.09
0,-8990,-15.71,0.00,0.01,0.10
0,-8990,-15.71,0.00,0.01,0.09
0,-8990,-15.71,0.00,0.01,0.09
0,-8990,-15.71,0.00,0.01,0.09
0,-8990,-15.71,0.00,0.01,0.09
0,-8990,-15.71,0.00,0.01,0.09
0,-8990,-15.71,0.00,0.01,0.09
0,-8990,-15.71,0.00,0.01,0.09
0,-8990,-15.71,0.00,0.01,0.09
0,-8990,-15.71,0.00,0.01,0.09
0,-8990,-15.71,0.00,0.01,0.09
0,-8990,-15.71,0.00,0.01,0.09
0,-8990,-15.71,0.00,0.01,0.09
0,-8990,-15.71,0.00,0.01,0.08
0,-8990,-15.71,0.00,0.01,0.08
0,-8990,-15.71,0.00,0.01,0.09
0,-8990,-15.71,0.00,0.01,0.09
0,-8990,-15.71,0.00,0.01,0.09
0,-8990,-15.71,0.00,0.01,0.09
0,-8990,-15.71,0.00,0.01,0.09
0,-8990,-15.71,0.00,0.01,0.09
0,-8990,-15.71,0.00,0.01,0.09
0,-8990,-15.71,0.00,0.01,0.09
0,-8990,-15.71,0.00,0.01,0.09
0,-8990,-15.71,0.00,0.01,0.09
0,-8990,-15.71,0.00,0.01,0.09
0,-8990,-15.71,0.00,0.01,0.09
0,-8990,-15.71,0.00,0.01,0.09
0,-8990,-15.71,0.00,0.01,0.08
5,-8985,-15.71,500.00,2.11,0.39
17,-8968,-15.71,1700.00,4.68,0.68
28,-8940,-15.71,2800.00,7.21,0.92
36,-8904,-15.71,3600.00,9.71,1.12
43,-8861,-15.71,4300.00,10.07,0.98
48,-8813,-15.71,4800.00,10.01,0.84
52,-8761,-15.71,5200.00,9.96,0.71
56,-8705,-15.71,5600.00,9.93,0.62
58,-8647,-15.71,5800.00,9.92,0.54
62,-8585,-15.71,6200.00,9.91,0.48
64,-8521,-15.71,6400.00,9.96,0.44
65,-8456,-15.71,6500.00,10.02,0.40
67,-8389,-15.71,6700.00,10.08,0.38
69,-8320,-15.71,6900.00,10.19,0.36
71,-8249,-15.71,7100.00,10.25,0.34
70,-8179,-15.71,7000.00,10.27,0.32
72,-8107,-15.71,7200.00,10.28,0.29
72,-8035,-15.71,7200.00,10.24,0.27
73,-7962,-15.71,7300.00,10.25,0.26
73,-7889,-15.71,7300.00,10.31,0.26
74,-7815,-15.71,7400.00,10.39,0.26
74,-7741,-15.71,7400.00,10.43,0.26
76,-7665,-12.57,7600.00,10.48,0.26
75,-7590,-12.57,7500.00,10.48,0.25
76,-7514,-12.57,7600.00,10.48,0.24
75,-7439,-12.57,7500.00,10.49,0.23
77,-7362,-12.57,7700.00,10.49,0.23
76,-7286,-12.57,7600.00,10.51,0.23
77,-7209,-12.57,7700.00,10.50,0.23
76,-7133,-12.57,7600.00,10.52,0.23
78,-7055,-12.57,7800.00,10.56,0.23
77,-6978,-12.57,7700.00,10.56,0.23
77,-6901,-12.57,7700.00,10.57,0.22
78,-6823,-12.57,7800.00,10.58,0.22
78,-6745,-12.57,7800.00,10.55,0.21
77,-6668,-12.57,7700.00,10.57,0.21
78,-6590,-12.57,7800.00,10.57,0.22
78,-6512,-12.57,7800.00,10.55,0.21
78,-6434,-12.57,7800.00,10.56,0.22
77,-6357,-12.57,7700.00,10.56,0.22
79,-6278,-12.57,7900.00,10.60,0.22
78,-6200,-12.57,7800.00,10.60,0.21
78,-6122,-9.43,7800.00,10.61,0.21
78,-6044,-9.43,7800.00,10.59,0.21
78,-5966,-9.43,7800.00,10.58,0.20
78,-5888,-9.43,7800.00,10.58,0.20
79,-5809,-9.43,7900.00,10.57,0.20
78,-5731,-9.43,7800.00,10.60,0.21
78,-5653,-9.43,7800.00,10.60,0.21
79,-5574,-9.43,7900.00,10.61,0.21
78,-5496,-9.43,7800.00,10.61,0.21
79,-5417,-9.43,7900.00,10.60,0.21
78,-5339,-9.43,7800.00,10.58,0.21
78,-5261,-9.43,7800.00,10.59,0.21
79,-5182,-9.43,7900.00,10.59,0.21
78,-5104,-9.43,7800.00,10.60,0.21
79,-5025,-9.43,7900.00,10.62,0.21
78,-4947,-9.43,7800.00,10.61,0.21
78,-4869,-9.43,7800.00,10.62,0.21
80,-4789,-9.43,8000.00,10.61,0.20
78,-4711,-9.43,7800.00,10.60,0.20
78,-4633,-9.43,7800.00,10.59,0.20
79,-4554,-6.28,7900.00,10.59,0.20
78,-4476,-6.28,7800.00,10.59,0.21
79,-4397,-6.28,7900.00,10.61,0.21
79,-4318,-6.28,7900.00,10.63,0.21
78,-4240,-6.28,7800.00,10.63,0.21
79,-4161,-6.28,7900.00,10.62,0.21
79,-4082,-6.28,7900.00,10.61,0.20
78,-4004,-6.28,7800.00,10.59,0.20
79,-3925,-6.28,7900.00,10.60,0.20
79,-3846,-6.28,7900.00,10.59,0.20
78,-3768,-6.28,7800.00,10.61,0.20
79,-3689,-6.28,7900.00,10.62,0.20
79,-3610,-6.28,7900.00,10.63,0.20
78,-3532,-6.28,7800.00,10.64,0.20
79,-3453,-6.28,7900.00,10.62,0.20
79,-3374,-6.28,7900.00,10.60,0.20
78,-3296,-6.28,7800.00,10.59,0.20
79,-3217,-6.28,7900.00,10.59,0.20
79,-3138,-6.28,7900.00,10.59,0.20
78,-3060,-3.14,7800.00,10.60,0.20
79,-2981,-3.14,7900.00,10.61,0.20
79,-2902,-3.14,7900.00,10.62,0.20
78,-2824,-3.14,7800.00,10.62,0.20
79,-2745,-3.14,7900.00,10.62,0.20
79,-2666,-3.14,7900.00,10.60,0.19
79,-2587,-3.14,7900.00,10.60,0.20
78,-2509,-3.14,7800.00,10.60,0.20
80,-2429,-3.14,8000.00,10.61,0.20
78,-2351,-3.14,7800.00,10.62,0.20
79,-2272,-3.14,7900.00,10.63,0.20
79,-2193,-3.14,7900.00,10.64,0.20
79,-2114,-3.14,7900.00,10.63,0.20
78,-2036,-3.14,7800.00,10.62,0.20
79,-1957,-3.14,7900.00,10.61,0.20
80,-1877,-3.14,8000.00,10.60,0.20
79,-1798,-3.14,7900.00,10.61,0.20
78,-1720,-3.14,7800.00,10.62,0.20
79,-1641,-3.14,7900.00,10.64,0.20
79,-1562,-3.14,7900.00,10.64,0.21
79,-1483,0.00,7900.00,10.63,0.20
79,-1404,0.00,7900.00,10.62,0.20
79,-1325,0.00,7900.00,10.60,0.20
80,-1245,0.00,8000.00,10.61,0.20
78,-1167,0.00,7800.00,10.60,0.20
79,-1088,0.00,7900.00,10.61,0.20
79,-1009,0.00,7900.00,10.63,0.20
80,-929,0.00,8000.00,10.64,0.20
78,-851,0.00,7800.00,10.64,0.20
79,-772,0.00,7900.00,10.63,0.19
79,-693,0.00,7900.00,10.62,0.19
79,-614,0.00,7900.00,10.61,0.19
80,-534,0.00,8000.00,10.61,0.19
78,-456,0.00,7800.00,10.62,0.20
79,-377,0.00,7900.00,10.64,0.20
80,-297,0.00,8000.00,10.65,0.20
79,-218,0.00,7900.00,10.65,0.20
78,-140,0.00,7800.00,10.64,0.20
79,-61,0.00,7900.00,10.62,0.20
80,19,0.00,8000.00,10.62,0.19
79,98,0.00,7900.00,10.61,0.19
79,177,0.00,7900.00,10.62,0.19
79,256,0.00,7900.00,10.62,0.20
79,335,0.00,7900.00,10.64,0.19
79,414,0.00,7900.00,10.64,0.20
80,494,0.00,8000.00,10.65,0.20
78,572,0.00,7800.00,10.65,0.20
79,651,0.00,7900.00,10.63,0.20
80,731,0.00,8000.00,10.61,0.20
79,810,0.00,7900.00,10.61,0.19
79,889,0.00,7900.00,10.60,0.19
78,967,0.00,7800.00,10.62,0.19
80,1047,0.00,8000.00,10.63,0.19
79,1126,0.00,7900.00,10.63,0.20
79,1205,0.00,7900.00,10.63,0.20
79,1284,0.00,7900.00,10.62,0.20
79,1363,0.00,7900.00,10.61,0.20
80,1443,0.00,8000.00,10.62,0.20
79,1522,0.00,7900.00,10.61,0.20
79,1601,3.14,7900.00,10.62,0.20
79,1680,3.14,7900.00,10.63,0.20
79,1759,3.14,7900.00,10.64,0.20
80,1839,3.14,8000.00,10.64,0.20
78,1917,3.14,7800.00,10.64,0.20
80,1997,3.14,8000.00,10.63,0.20
79,2076,3.14,7900.00,10.62,0.20
79,2155,3.14,7900.00,10.62,0.19
80,2235,3.14,8000.00,10.61,0.19
78,2313,3.14,7800.00,10.62,0.19
80,2393,3.14,8000.00,10.64,0.20
79,2472,3.14,7900.00,10.65,0.20
79,2551,3.14,7900.00,10.65,0.20
80,2631,3.14,8000.00,10.64,0.20
78,2709,3.14,7800.00,10.63,0.20
80,2789,3.14,8000.00,10.62,0.20
79,2868,3.14,7900.00,10.62,0.20
79,2947,3.14,7900.00,10.63,0.20
80,3027,3.14,8000.00,10.64,0.20
79,3106,6.28,7900.00,10.65,0.20
79,3185,6.28,7900.00,10.65,0.20
79,3264,6.28,7900.00,10.65,0.20
79,3343,6.28,7900.00,10.63,0.20
80,3423,6.28,8000.00,10.63,0.20
79,3502,6.28,7900.00,10.62,0.19
79,3581,6.28,7900.00,10.63,0.19
79,3660,6.28,7900.00,10.64,0.19
80,3740,6.28,8000.00,10.66,0.19
79,3819,6.28,7900.00,10.65,0.19
80,3899,6.28,8000.00,10.65,0.19
79,3978,6.28,7900.00,10.64,0.19
79,4057,6.28,7900.00,10.63,0.19
79,4136,6.28,7900.00,10.62,0.19
79,4215,6.28,7900.00,10.63,0.19
80,4295,6.28,8000.00,10.63,0.20
79,4374,6.28,7900.00,10.64,0.20
79,4453,6.28,7900.00,10.66,0.20
79,4532,6.28,7900.00,10.65,0.20
79,4611,6.28,7900.00,10.65,0.20
80,4691,9.43,8000.00,10.64,0.19
79,4770,9.43,7900.00,10.63,0.19
80,4850,9.43,8000.00,10.63,0.19
79,4929,9.43,7900.00,10.63,0.20
79,5008,9.43,7900.00,10.63,0.20
79,5087,9.43,7900.00,10.65,0.20
80,5167,9.43,8000.00,10.66,0.20
79,5246,9.43,7900.00,10.66,0.20
80,5326,9.43,8000.00,10.66,0.19
79,5405,9.43,7900.00,10.65,0.20
79,5484,9.43,7900.00,10.63,0.19
79,5563,9.43,7900.00,10.63,0.19
80,5643,9.43,8000.00,10.61,0.19
80,5723,9.43,8000.00,10.63,0.19
79,5802,9.43,7900.00,10.65,0.20
79,5881,9.43,7900.00,10.65,0.20
79,5960,9.43,7900.00,10.65,0.20
80,6040,9.43,8000.00,10.63,0.20
79,6119,9.43,7900.00,10.63,0.19
80,6199,12.57,8000.00,10.63,0.19
79,6278,12.57,7900.00,10.64,0.19
80,6358,12.57,8000.00,10.64,0.19
79,6437,12.57,7900.00,10.65,0.20
79,6516,12.57,7900.00,10.65,0.20
79,6595,12.57,7900.00,10.66,0.20
80,6675,12.57,8000.00,10.64,0.20
80,6755,12.57,8000.00,10.64,0.19
79,6834,12.57,7900.00,10.62,0.19
80,6914,12.57,8000.00,10.62,0.20
79,6993,12.57,7900.00,10.62,0.20
79,7072,12.57,7900.00,10.63,0.20
79,7151,12.57,7900.00,10.66,0.20
80,7231,12.57,8000.00,10.66,0.20
80,7311,12.57,8000.00,10.66,0.19
79,7390,12.57,7900.00,10.65,0.20
79,7469,12.57,7900.00,10.64,0.19
80,7549,12.57,8000.00,10.63,0.19
79,7628,12.57,7900.00,10.63,0.20
79,7707,15.71,7900.00,10.63,0.19
80,7787,15.71,8000.00,10.65,0.20
80,7867,15.71,8000.00,10.65,0.19
80,7947,15.71,8000.00,10.66,0.20
79,8026,15.71,7900.00,10.65,0.19
79,8105,15.71,7900.00,10.64,0.19
79,8184,15.71,7900.00,10.62,0.19
80,8264,15.71,8000.00,10.63,0.19
79,8343,15.71,7900.00,10.62,0.19
80,8423,15.71,8000.00,10.64,0.20
80,8503,15.71,8000.00,10.66,0.20
80,8583,15.71,8000.00,10.66,0.20
79,8662,15.71,7900.00,10.67,0.20
79,8741,15.71,7900.00,10.65,0.20
80,8821,15.71,8000.00,10.66,0.20
79,8900,15.71,7900.00,10.64,0.19
79,8979,15.71,7900.00,10.65,0.20
80,9059,15.71,8000.00,10.64,0.20
80,9139,15.71,8000.00,10.67,0.20
80,9219,15.71,8000.00,10.67,0.20
79,9298,18.85,7900.00,10.67,0.20
80,9378,18.85,8000.00,10.67,0.20
79,9457,18.85,7900.00,10.64,0.20
80,9537,18.85,8000.00,10.64,0.19
79,9616,18.85,7900.00,10.64,0.20
80,9696,18.85,8000.00,10.65,0.20
79,9775,18.85,7900.00,10.65,0.20
80,9855,18.85,8000.00,10.67,0.20
80,9935,18.85,8000.00,10.66,0.19
80,10015,18.85,8000.00,10.67,0.19
79,10094,18.85,7900.00,10.66,0.18
80,10174,18.85,8000.00,10.64,0.19
79,10253,18.85,7900.00,10.63,0.19
80,10333,18.85,8000.00,10.63,0.19
79,10412,18.85,7900.00,10.64,0.20
80,10492,18.85,8000.00,10.65,0.20
79,10571,18.85,7900.00,10.67,0.20
80,10651,18.85,8000.00,10.67,0.20
80,10731,18.85,8000.00,10.67,0.20
79,10810,21.99,7900.00,10.65,0.19
79,10889,21.99,7900.00,10.65,0.20
80,10969,21.99,8000.00,10.64,0.20
79,11048,21.99,7900.00,10.63,0.20
80,11128,21.99,8000.00,10.64,0.20
79,11207,21.99,7900.00,10.65,0.20
80,11287,21.99,8000.00,10.66,0.20
80,11367,21.99,8000.00,10.67,0.19
79,11446,21.99,7900.00,10.66,0.19
80,11526,21.99,8000.00,10.63,0.19
79,11605,21.99,7900.00,10.65,0.19
79,11684,21.99,7900.00,10.64,0.20
80,11764,21.99,8000.00,10.65,0.20
80,11844,21.99,8000.00,10.66,0.20
79,11923,21.99,7900.00,10.66,0.20
80,12003,21.99,8000.00,10.65,0.20
80,12083,21.99,8000.00,10.64,0.20
80,12163,21.99,8000.00,10.63,0.19
79,12242,21.99,7900.00,10.63,0.19
80,12322,25.14,8000.00,10.64,0.19
79,12401,25.14,7900.00,10.65,0.19
79,12480,25.14,7900.00,10.67,0.20
80,12560,25.14,8000.00,10.66,0.19
80,12640,25.14,8000.00,10.68,0.20
80,12720,25.14,8000.00,10.67,0.20
79,12799,25.14,7900.00,10.67,0.20
80,12879,25.14,8000.00,10.65,0.19
80,12959,25.14,8000.00,10.65,0.19
80,13039,25.14,8000.00,10.64,0.19
79,13118,25.14,7900.00,10.64,0.19
79,13197,25.14,7900.00,10.67,0.20
80,13277,25.14,8000.00,10.68,0.20
79,13356,25.14,7900.00,10.68,0.19
80,13436,25.14,8000.00,10.66,0.19
80,13516,25.14,8000.00,10.66,0.19
79,13595,25.14,7900.00,10.63,0.19
80,13675,25.14,8000.00,10.64,0.19
80,13755,25.14,8000.00,10.63,0.19
79,13834,25.14,7900.00,10.64,0.20
80,13914,28.28,8000.00,10.65,0.20
80,13994,28.28,8000.00,10.66,0.20
79,14073,28.28,7900.00,10.67,0.19
80,14153,28.28,8000.00,10.66,0.19
79,14232,28.28,7900.00,10.65,0.19
80,14312,28.28,8000.00,10.63,0.20
80,14392,28.28,8000.00,10.64,0.20
79,14471,28.28,7900.00,10.63,0.19
80,14551,28.28,8000.00,10.65,0.20
80,14631,28.28,8000.00,10.66,0.19
80,14711,28.28,8000.00,10.66,0.20
79,14790,28.28,7900.00,10.65,0.20
79,14869,28.28,7900.00,10.63,0.19
80,14949,28.28,8000.00,10.63,0.19
80,15029,28.28,8000.00,10.63,0.20
79,15108,28.28,7900.00,10.65,0.20
80,15188,28.28,8000.00,10.65,0.20
79,15267,28.28,7900.00,10.67,0.20
80,15347,28.28,8000.00,10.66,0.20
80,15427,31.42,8000.00,10.66,0.20
80,15507,31.42,8000.00,10.65,0.20
80,15587,31.42,8000.00,10.63,0.19
79,15666,31.42,7900.00,10.63,0.19
79,15745,31.42,7900.00,10.63,0.19
80,15825,31.42,8000.00,10.65,0.20
80,15905,31.42,8000.00,10.66,0.20
79,15984,31.42,7900.00,10.68,0.20
80,16064,31.42,8000.00,10.67,0.20
80,16144,31.42,8000.00,10.67,0.20
79,16223,31.42,7900.00,10.65,0.19
80,16303,31.42,8000.00,10.65,0.19
80,16383,31.42,8000.00,10.64,0.19
80,16463,31.42,8000.00,10.64,0.19
80,16543,31.42,8000.00,10.65,0.20
79,16622,31.42,7900.00,10.66,0.20
80,16702,31.42,8000.00,10.67,0.20
80,16782,31.42,8000.00,10.67,0.20
79,16861,31.42,7900.00,10.67,0.20
80,16941,34.56,8000.00,10.64,0.20
79,17020,34.56,7900.00,10.63,0.20
80,17100,34.56,8000.00,10.62,0.20
80,17180,34.56,8000.00,10.63,0.20
79,17259,34.56,7900.00,10.64,0.20
80,17339,34.56,8000.00,10.66,0.20
80,17419,34.56,8000.00,10.67,0.20
80,17499,34.56,8000.00,10.67,0.20
80,17579,34.56,8000.00,10.67,0.20
79,17658,34.56,7900.00,10.65,0.20
80,17738,34.56,8000.00,10.65,0.20
80,17818,34.56,8000.00,10.63,0.19
79,17897,34.56,7900.00,10.63,0.20
80,17977,34.56,8000.00,10.65,0.19
79,18056,34.56,7900.00,10.67,0.19
80,18136,34.56,8000.00,10.69,0.19
80,18216,34.56,8000.00,10.67,0.19
79,18295,34.56,7900.00,10.66,0.19
80,18375,34.56,8000.00,10.64,0.19
80,18455,34.56,8000.00,10.64,0.19
80,18535,37.70,8000.00,10.63,0.19
80,18615,37.70,8000.00,10.65,0.19
80,18695,37.70,8000.00,10.66,0.19
80,18775,37.70,8000.00,10.65,0.20
79,18854,37.70,7900.00,10.67,0.19
80,18934,37.70,8000.00,10.65,0.19
80,19014,37.70,8000.00,10.65,0.20
80,19094,37.70,8000.00,10.64,0.20
79,19173,37.70,7900.00,10.65,0.20
80,19253,37.70,8000.00,10.64,0.20
80,19333,37.70,8000.00,10.66,0.20
79,19412,37.70,7900.00,10.67,0.19
80,19492,37.70,8000.00,10.66,0.19
80,19572,37.70,8000.00,10.67,0.19
80,19652,37.70,8000.00,10.65,0.19
80,19732,37.70,8000.00,10.65,0.19
79,19811,37.70,7900.00,10.64,0.19
80,19891,37.70,8000.00,10.65,0.20
80,19971,37.70,8000.00,10.65,0.20
80,20051,40.85,8000.00,10.67,0.19
80,20131,40.85,8000.00,10.67,0.19
80,20211,40.85,8000.00,10.67,0.19
80,20291,40.85,8000.00,10.67,0.19
80,20371,40.85,8000.00,10.65,0.19
79,20450,40.85,7900.00,10.66,0.19
80,20530,40.85,8000.00,10.64,0.19
80,20610,40.85,8000.00,10.65,0.19
80,20690,40.85,8000.00,10.66,0.19
80,20770,40.85,8000.00,10.67,0.20
79,20849,40.85,7900.00,10.68,0.20
80,20929,40.85,8000.00,10.66,0.20
80,21009,40.85,8000.00,10.66,0.19
80,21089,40.85,8000.00,10.63,0.19
79,21168,40.85,7900.00,10.65,0.19
80,21248,40.85,8000.00,10.63,0.19
80,21328,40.85,8000.00,10.66,0.20
80,21408,40.85,8000.00,10.67,0.20
79,21487,40.85,7900.00,10.67,0.20
80,21567,43.99,8000.00,10.68,0.20
80,21647,43.99,8000.00,10.66,0.20
80,21727,43.99,8000.00,10.65,0.19
80,21807,43.99,8000.00,10.64,0.19
80,21887,43.99,8000.00,10.65,0.19
80,21967,43.99,8000.00,10.64,0.19
80,22047,43.99,8000.00,10.67,0.20
79,22126,43.99,7900.00,10.68,0.20
80,22206,43.99,8000.00,10.67,0.20
80,22286,43.99,8000.00,10.68,0.20
80,22366,43.99,8000.00,10.65,0.20
80,22446,43.99,8000.00,10.65,0.20
80,22526,43.99,8000.00,10.65,0.20
79,22605,43.99,7900.00,10.65,0.20
80,22685,43.99,8000.00,10.66,0.19
80,22765,43.99,8000.00,10.68,0.20
80,22845,43.99,8000.00,10.68,0.20
79,22924,43.99,7900.00,10.68,0.20
80,23004,43.99,8000.00,10.68,0.20
80,23084,43.99,8000.00,10.65,0.19
80,23164,47.13,8000.00,10.66,0.20
80,23244,47.13,8000.00,10.64,0.19
79,23323,47.13,7900.00,10.65,0.19
80,23403,47.13,8000.00,10.66,0.19
80,23483,47.13,8000.00,10.66,0.20
80,23563,47.13,8000.00,10.66,0.19
80,23643,47.13,8000.00,10.66,0.20
80,23723,47.13,8000.00,10.66,0.20
80,23803,47.13,8000.00,10.64,0.19
80,23883,47.13,8000.00,10.66,0.20
79,23962,47.13,7900.00,10.64,0.19
80,24042,47.13,8000.00,10.65,0.20
80,24122,47.13,8000.00,10.66,0.19
80,24202,47.13,8000.00,10.67,0.20
80,24282,47.13,8000.00,10.68,0.20
79,24361,47.13,7900.00,10.67,0.20
80,24441,47.13,8000.00,10.67,0.20
80,24521,47.13,8000.00,10.64,0.20
80,24601,47.13,8000.00,10.65,0.20
80,24681,50.27,8000.00,10.63,0.20
80,24761,50.27,8000.00,10.66,0.20
79,24840,50.27,7900.00,10.67,0.20
80,24920,50.27,8000.00,10.68,0.20
80,25000,50.27,8000.00,10.69,0.20
80,25080,50.27,8000.00,10.66,0.19
80,25160,50.27,8000.00,10.66,0.20
80,25240,50.27,8000.00,10.63,0.19
80,25320,50.27,8000.00,10.63,0.19
80,25400,50.27,8000.00,10.64,0.19
79,25479,50.27,7900.00,10.65,0.20
80,25559,50.27,8000.00,10.68,0.19
80,25639,50.27,8000.00,10.68,0.19
80,25719,50.27,8000.00,10.69,0.19
80,25799,50.27,8000.00,10.66,0.19
80,25879,50.27,8000.00,10.65,0.20
80,25959,50.27,8000.00,10.63,0.19
80,26039,50.27,8000.00,10.64,0.20
80,26119,50.27,8000.00,10.66,0.20
80,26199,53.41,8000.00,10.68,0.20
80,26279,53.41,8000.00,10.70,0.20
80,26359,53.41,8000.00,10.68,0.20
80,26439,53.41,8000.00,10.68,0.20
80,26519,53.41,8000.00,10.64,0.19
80,26599,53.41,8000.00,10.64,0.19
80,26679,53.41,8000.00,10.64,0.19
80,26759,53.41,8000.00,10.64,0.19
80,26839,53.41,8000.00,10.67,0.20
80,26919,53.41,8000.00,10.67,0.20
80,26999,53.41,8000.00,10.68,0.20
80,27079,53.41,8000.00,10.66,0.20
80,27159,53.41,8000.00,10.66,0.20
80,27239,53.41,8000.00,10.66,0.19
79,27318,53.41,7900.00,10.65,0.19
80,27398,53.41,8000.00,10.66,0.19
80,27478,53.41,8000.00,10.66,0.19
80,27558,53.41,8000.00,10.68,0.20
80,27638,53.41,8000.00,10.67,0.19
80,27718,53.41,8000.00,10.68,0.19
80,27798,56.56,8000.00,10.66,0.18
80,27878,56.56,8000.00,10.66,0.19
80,27958,56.56,8000.00,10.67,0.19
80,28038,56.56,8000.00,10.65,0.19
80,28118,56.56,8000.00,10.67,0.20
80,28198,56.56,8000.00,10.66,0.20
80,28278,56.56,8000.00,10.67,0.20
79,28357,56.56,7900.00,10.66,0.19
80,28437,56.56,8000.00,10.66,0.20
80,28517,56.56,8000.00,10.66,0.19
80,28597,56.56,8000.00,10.65,0.20
80,28677,56.56,8000.00,10.67,0.20
80,28757,56.56,8000.00,10.65,0.20
80,28837,56.56,8000.00,10.67,0.20
79,28916,56.56,7900.00,10.68,0.19
81,28997,56.56,8100.00,10.68,0.19
79,29076,56.56,7900.00,10.69,0.19
80,29156,56.56,8000.00,10.67,0.19
80,29236,56.56,8000.00,10.67,0.19
80,29316,59.70,8000.00,10.65,0.19
80,29396,59.70,8000.00,10.65,0.20
80,29476,59.70,8000.00,10.63,0.20
80,29556,59.70,8000.00,10.66,0.20
80,29636,59.70,8000.00,10.67,0.19
79,29715,59.70,7900.00,10.68,0.20
80,29795,59.70,8000.00,10.69,0.20
80,29875,59.70,8000.00,10.66,0.19
80,29955,59.70,8000.00,10.66,0.20
80,30035,59.70,8000.00,10.64,0.19
80,30115,59.70,8000.00,10.65,0.20
80,30195,59.70,8000.00,10.65,0.20
80,30275,59.70,8000.00,10.66,0.20
80,30355,59.70,8000.00,10.67,0.20
80,30435,59.70,8000.00,10.67,0.20
80,30515,59.70,8000.00,10.67,0.20
80,30595,59.70,8000.00,10.65,0.20
80,30675,59.70,8000.00,10.64,0.20
80,30755,59.70,8000.00,10.63,0.19
80,30835,62.84,8000.00,10.64,0.19
80,30915,62.84,8000.00,10.66,0.20
80,30995,62.84,8000.00,10.68,0.20
80,31075,62.84,8000.00,10.69,0.20
80,31155,62.84,8000.00,10.69,0.20
80,31235,62.84,8000.00,10.68,0.20
80,31315,62.84,8000.00,10.65,0.19
80,31395,62.84,8000.00,10.65,0.19
80,31475,62.84,8000.00,10.64,0.19
79,31554,62.84,7900.00,10.65,0.19
80,31634,62.84,8000.00,10.68,0.20
80,31714,62.84,8000.00,10.68,0.20
81,31795,62.84,8100.00,10.69,0.20
80,31875,62.84,8000.00,10.66,0.20
80,31955,62.84,8000.00,10.65,0.20
80,32035,62.84,8000.00,10.64,0.19
80,32115,62.84,8000.00,10.64,0.19
80,32195,62.84,8000.00,10.66,0.20
80,32275,62.84,8000.00,10.67,0.19
80,32355,65.98,8000.00,10.68,0.20
80,32435,65.98,8000.00,10.68,0.19
80,32515,65.98,8000.00,10.68,0.19
80,32595,65.98,8000.00,10.67,0.20
79,32674,65.98,7900.00,10.65,0.20
81,32755,65.98,8100.00,10.67,0.20
80,32835,65.98,8000.00,10.65,0.20
80,32915,65.98,8000.00,10.67,0.19
80,32995,65.98,8000.00,10.67,0.19
80,33075,65.98,8000.00,10.67,0.19
80,33155,65.98,8000.00,10.67,0.19
80,33235,65.98,8000.00,10.66,0.19
80,33315,65.98,8000.00,10.67,0.20
80,33395,65.98,8000.00,10.65,0.19
80,33475,65.98,8000.00,10.66,0.19
80,33555,65.98,8000.00,10.65,0.19
80,33635,65.98,8000.00,10.67,0.20
80,33715,65.98,8000.00,10.68,0.20
80,33795,65.98,8000.00,10.68,0.20
80,33875,65.98,8000.00,10.69,0.19
80,33955,69.12,8000.00,10.67,0.19
80,34035,69.12,8000.00,10.66,0.19
80,34115,69.12,8000.00,10.65,0.19
80,34195,69.12,8000.00,10.65,0.19
80,34275,69.12,8000.00,10.66,0.19
80,34355,69.12,8000.00,10.67,0.20
80,34435,69.12,8000.00,10.69,0.19
80,34515,69.12,8000.00,10.68,0.19
80,34595,69.12,8000.00,10.68,0.19
80,34675,69.12,8000.00,10.65,0.19
80,34755,69.12,8000.00,10.65,0.19
80,34835,69.12,8000.00,10.66,0.19
80,34915,69.12,8000.00,10.66,0.19
80,34995,69.12,8000.00,10.69,0.19
80,35075,69.12,8000.00,10.68,0.19
80,35155,69.12,8000.00,10.68,0.19
80,35235,69.12,8000.00,10.67,0.19
80,35315,69.12,8000.00,10.66,0.19
80,35395,69.12,8000.00,10.66,0.19
80,35475,72.27,8000.00,10.65,0.19
80,35555,72.27,8000.00,10.66,0.19
80,35635,72.27,8000.00,10.67,0.19
80,35715,72.27,8000.00,10.69,0.20
80,35795,72.27,8000.00,10.67,0.19
80,35875,72.27,8000.00,10.67,0.19
80,35955,72.27,8000.00,10.66,0.19
80,36035,72.27,8000.00,10.65,0.19
80,36115,72.27,8000.00,10.67,0.19
80,36195,72.27,8000.00,10.65,0.19
80,36275,72.27,8000.00,10.66,0.19
80,36355,72.27,8000.00,10.66,0.19
79,36434,72.27,7900.00,10.68,0.19
80,36514,72.27,8000.00,10.68,0.19
80,36594,72.27,8000.00,10.68,0.19
80,36674,72.27,8000.00,10.68,0.19
80,36754,72.27,8000.00,10.65,0.19
80,36834,72.27,8000.00,10.66,0.19
80,36914,72.27,8000.00,10.64,0.19
80,36994,75.41,8000.00,10.65,0.19
80,37074,75.41,8000.00,10.67,0.19
80,37154,75.41,8000.00,10.68,0.20
80,37234,75.41,8000.00,10.68,0.20
80,37314,75.41,8000.00,10.67,0.19
80,37394,75.41,8000.00,10.67,0.19
80,37474,75.41,8000.00,10.64,0.18
80,37554,75.41,8000.00,10.64,0.19
80,37634,75.41,8000.00,10.64,0.19
80,37714,75.41,8000.00,10.65,0.19
80,37794,75.41,8000.00,10.68,0.20
80,37874,75.41,8000.00,10.68,0.20
80,37954,75.41,8000.00,10.69,0.20
80,38034,75.41,8000.00,10.68,0.19
80,38114,75.41,8000.00,10.66,0.19
80,38194,75.41,8000.00,10.66,0.18
80,38274,75.41,8000.00,10.65,0.18
80,38354,75.41,8000.00,10.67,0.19
79,38433,75.41,7900.00,10.68,0.19
80,38513,78.55,8000.00,10.68,0.19
80,38593,78.55,8000.00,10.68,0.19
80,38673,78.55,8000.00,10.67,0.19
80,38753,78.55,8000.00,10.65,0.19
80,38833,78.55,8000.00,10.65,0.19
80,38913,78.55,8000.00,10.66,0.19
80,38993,78.55,8000.00,10.65,0.19
79,39072,78.55,7900.00,10.67,0.20
80,39152,78.55,8000.00,10.67,0.20
80,39232,78.55,8000.00,10.67,0.20
80,39312,78.55,8000.00,10.67,0.19
80,39392,78.55,8000.00,10.66,0.19
80,39472,78.55,8000.00,10.65,0.19
80,39552,78.55,8000.00,10.65,0.19
80,39632,78.55,8000.00,10.67,0.19
80,39712,78.55,8000.00,10.65,0.19
80,39792,78.55,8000.00,10.69,0.20
80,39872,78.55,8000.00,10.68,0.20
80,39952,78.55,8000.00,10.68,0.19
80,40032,78.55,8000.00,10.69,0.19
80,40112,81.69,8000.00,10.67,0.19
80,40192,81.69,8000.00,10.68,0.19
80,40272,81.69,8000.00,10.65,0.19
80,40352,81.69,8000.00,10.66,0.19
80,40432,81.69,8000.00,10.64,0.19
80,40512,81.69,8000.00,10.66,0.19
80,40592,81.69,8000.00,10.68,0.19
80,40672,81.69,8000.00,10.67,0.19
80,40752,81.69,8000.00,10.67,0.19
80,40832,81.69,8000.00,10.65,0.19
80,40912,81.69,8000.00,10.66,0.19
80,40992,81.69,8000.00,10.64,0.19
80,41072,81.69,8000.00,10.66,0.19
80,41152,81.69,8000.00,10.67,0.19
80,41232,81.69,8000.00,10.68,0.19
80,41312,81.69,8000.00,10.69,0.19
80,41392,81.69,8000.00,10.68,0.19
80,41472,81.69,8000.00,10.67,0.19
80,41552,81.69,8000.00,10.65,0.19
80,41632,84.83,8000.00,10.65,0.19
80,41712,84.83,8000.00,10.65,0.19
80,41792,84.83,8000.00,10.66,0.19
79,41871,84.83,7900.00,10.69,0.19
80,41951,84.83,8000.00,10.68,0.19
80,42031,84.83,8000.00,10.69,0.19
80,42111,84.83,8000.00,10.67,0.19
80,42191,84.83,8000.00,10.66,0.18
80,42271,84.83,8000.00,10.66,0.18
80,42351,84.83,8000.00,10.66,0.18
80,42431,84.83,8000.00,10.68,0.19
80,42511,84.83,8000.00,10.68,0.19
80,42591,84.83,8000.00,10.69,0.19
80,42671,84.83,8000.00,10.68,0.19
80,42751,84.83,8000.00,10.67,0.19
80,42831,84.83,8000.00,10.66,0.18
80,42911,84.83,8000.00,10.65,0.19
80,42991,84.83,8000.00,10.67,0.19
80,43071,84.83,8000.00,10.66,0.19
80,43151,87.98,8000.00,10.68,0.19
80,43231,87.98,8000.00,10.68,0.19
80,43311,87.98,8000.00,10.68,0.19
80,43391,87.98,8000.00,10.68,0.19
80,43471,87.98,8000.00,10.67,0.19
80,43551,87.98,8000.00,10.67,0.19
80,43631,87.98,8000.00,10.66,0.19
80,43711,87.98,8000.00,10.66,0.19
80,43791,87.98,8000.00,10.65,0.19
81,43872,87.98,8100.00,10.67,0.19
80,43952,87.98,8000.00,10.69,0.19
79,44031,87.98,7900.00,10.70,0.19
80,44111,87.98,8000.00,10.71,0.19
80,44191,87.98,8000.00,10.68,0.19
81,44272,87.98,8100.00,10.67,0.19
80,44352,87.98,8000.00,10.65,0.19
80,44432,87.98,8000.00,10.65,0.19
80,44512,87.98,8000.00,10.66,0.19
80,44592,87.98,8000.00,10.68,0.19
80,44672,91.12,8000.00,10.70,0.20
80,44752,91.12,8000.00,10.68,0.19
80,44832,91.12,8000.00,10.69,0.20
80,44912,91.12,8000.00,10.66,0.19
80,44992,91.12,8000.00,10.65,0.19
80,45072,91.12,8000.00,10.66,0.19
80,45152,91.12,8000.00,10.66,0.19
80,45232,91.12,8000.00,10.68,0.19
80,45312,91.12,8000.00,10.68,0.19
80,45392,91.12,8000.00,10.68,0.19
80,45472,91.12,8000.00,10.67,0.19
80,45552,91.12,8000.00,10.65,0.19
79,45631,91.12,7900.00,10.65,0.19
81,45712,91.12,8100.00,10.65,0.19
80,45792,91.12,8000.00,10.66,0.19
79,45871,91.12,7900.00,10.66,0.19
81,45952,91.12,8100.00,10.68,0.19
80,46032,91.12,8000.00,10.68,0.19
80,46112,91.12,8000.00,10.68,0.19
80,46192,91.12,8000.00,10.69,0.19
80,46272,94.26,8000.00,10.66,0.19
80,46352,94.26,8000.00,10.67,0.19
80,46432,94.26,8000.00,10.65,0.19
80,46512,94.26,8000.00,10.66,0.19
80,46592,94.26,8000.00,10.67,0.19
80,46672,94.26,8000.00,10.68,0.19
80,46752,94.26,8000.00,10.70,0.19
80,46832,94.26,8000.00,10.69,0.19
80,46912,94.26,8000.00,10.68,0.19
80,46992,94.26,8000.00,10.65,0.19
80,47072,94.26,8000.00,10.65,0.19
80,47152,94.26,8000.00,10.65,0.19
80,47232,94.26,8000.00,10.67,0.20
81,47313,94.26,8100.00,10.69,0.20
80,47393,94.26,8000.00,10.69,0.20
79,47472,94.26,7900.00,10.70,0.20
80,47552,94.26,8000.00,10.67,0.19
80,47632,94.26,8000.00,10.66,0.19
80,47712,94.26,8000.00,10.66,0.19
80,47792,97.40,8000.00,10.65,0.19
81,47873,97.40,8100.00,10.67,0.19
80,47953,97.40,8000.00,10.67,0.19
80,48033,97.40,8000.00,10.69,0.20
80,48113,97.40,8000.00,10.68,0.19
80,48193,97.40,8000.00,10.67,0.20
80,48273,97.40,8000.00,10.66,0.19
80,48353,97.40,8000.00,10.66,0.19
80,48433,97.40,8000.00,10.67,0.20
80,48513,97.40,8000.00,10.66,0.19
80,48593,97.40,8000.00,10.68,0.20
80,48673,97.40,8000.00,10.67,0.19
80,48753,97.40,8000.00,10.68,0.19
80,48833,97.40,8000.00,10.69,0.19
80,48913,97.40,8000.00,10.69,0.18
80,48993,97.40,8000.00,10.69,0.19
80,49073,97.40,8000.00,10.67,0.19
80,49153,97.40,8000.00,10.68,0.19
81,49234,97.40,8100.00,10.66,0.19
80,49314,100.54,8000.00,10.67,0.19
80,49394,100.54,8000.00,10.69,0.19
80,49474,100.54,8000.00,10.68,0.19
80,49554,100.54,8000.00,10.69,0.19
80,49634,100.54,8000.00,10.67,0.19
80,49714,100.54,8000.00,10.66,0.19
80,49794,100.54,8000.00,10.65,0.19
80,49874,100.54,8000.00,10.66,0.19
80,49954,100.54,8000.00,10.67,0.20
80,50034,100.54,8000.00,10.68,0.20
80,50114,100.54,8000.00,10.70,0.20
80,50194,100.54,8000.00,10.68,0.20
80,50274,100.54,8000.00,10.68,0.20
80,50354,100.54,8000.00,10.66,0.19
80,50434,100.54,8000.00,10.65,0.20
80,50514,100.54,8000.00,10.67,0.20
80,50594,100.54,8000.00,10.67,0.19
80,50674,100.54,8000.00,10.69,0.20
80,50754,100.54,8000.00,10.70,0.20
81,50835,103.69,8100.00,10.69,0.20
80,50915,103.69,8000.00,10.69,0.19
80,50995,103.69,8000.00,10.67,0.19
80,51075,103.69,8000.00,10.67,0.19
80,51155,103.69,8000.00,10.66,0.19
81,51236,103.69,8100.00,10.66,0.19
80,51316,103.69,8000.00,10.66,0.19
80,51396,103.69,8000.00,10.68,0.19
80,51476,103.69,8000.00,10.70,0.19
80,51556,103.69,8000.00,10.69,0.19
80,51636,103.69,8000.00,10.70,0.19
81,51717,103.69,8100.00,10.67,0.19
80,51797,103.69,8000.00,10.67,0.19
80,51877,103.69,8000.00,10.66,0.19
80,51957,103.69,8000.00,10.66,0.19
80,52037,103.69,8000.00,10.68,0.19
80,52117,103.69,8000.00,10.68,0.19
80,52197,103.69,8000.00,10.68,0.20
81,52278,103.69,8100.00,10.68,0.19
80,52358,103.69,8000.00,10.67,0.19
80,52438,106.83,8000.00,10.67,0.19
80,52518,106.83,8000.00,10.66,0.19
80,52598,106.83,8000.00,10.68,0.19
80,52678,106.83,8000.00,10.66,0.19
80,52758,106.83,8000.00,10.69,0.19
80,52838,106.83,8000.00,10.70,0.19
80,52918,106.83,8000.00,10.69,0.19
80,52998,106.83,8000.00,10.70,0.19
80,53078,106.83,8000.00,10.66,0.19
81,53159,106.83,8100.00,10.66,0.19
80,53239,106.83,8000.00,10.64,0.19
80,53319,106.83,8000.00,10.65,0.19
80,53399,106.83,8000.00,10.67,0.19
80,53479,106.83,8000.00,10.68,0.19
80,53559,106.83,8000.00,10.70,0.19
81,53640,106.83,8100.00,10.69,0.19
80,53720,106.83,8000.00,10.69,0.19
80,53800,106.83,8000.00,10.67,0.19
81,53881,106.83,8100.00,10.66,0.19
80,53961,109.97,8000.00,10.68,0.19
80,54041,109.97,8000.00,10.67,0.19
80,54121,109.97,8000.00,10.70,0.19
81,54202,109.97,8100.00,10.69,0.18
80,54282,109.97,8000.00,10.69,0.19
80,54362,109.97,8000.00,10.70,0.18
80,54442,109.97,8000.00,10.67,0.19
80,54522,109.97,8000.00,10.68,0.19
80,54602,109.97,8000.00,10.66,0.19
80,54682,109.97,8000.00,10.65,0.19
80,54762,109.97,8000.00,10.66,0.19
80,54842,109.97,8000.00,10.67,0.19
80,54922,109.97,8000.00,10.69,0.19
81,55003,109.97,8100.00,10.69,0.19
80,55083,109.97,8000.00,10.70,0.19
80,55163,109.97,8000.00,10.67,0.19
80,55243,109.97,8000.00,10.67,0.19
80,55323,109.97,8000.00,10.66,0.19
81,55404,109.97,8100.00,10.66,0.20
80,55484,113.11,8000.00,10.69,0.20
80,55564,113.11,8000.00,10.68,0.19
80,55644,113.11,8000.00,10.68,0.19
80,55724,113.11,8000.00,10.67,0.19
81,55805,113.11,8100.00,10.66,0.19
80,55885,113.11,8000.00,10.67,0.19
80,55965,113.11,8000.00,10.66,0.19
80,56045,113.11,8000.00,10.67,0.20
80,56125,113.11,8000.00,10.66,0.19
80,56205,113.11,8000.00,10.68,0.20
81,56286,113.11,8100.00,10.69,0.20
80,56366,113.11,8000.00,10.69,0.20
80,56446,113.11,8000.00,10.70,0.20
80,56526,113.11,8000.00,10.66,0.19
80,56606,113.11,8000.00,10.67,0.19
80,56686,113.11,8000.00,10.66,0.18
80,56766,113.11,8000.00,10.66,0.19
80,56846,113.11,8000.00,10.69,0.19
80,56926,113.11,8000.00,10.69,0.20
80,57006,116.25,8000.00,10.69,0.20
81,57087,116.25,8100.00,10.68,0.19
80,57167,116.25,8000.00,10.67,0.19
80,57247,116.25,8000.00,10.66,0.19
81,57328,116.25,8100.00,10.66,0.19
80,57408,116.25,8000.00,10.68,0.19
80,57488,116.25,8000.00,10.66,0.20
80,57568,116.25,8000.00,10.69,0.20
80,57648,116.25,8000.00,10.69,0.19
81,57729,116.25,8100.00,10.68,0.19
80,57809,116.25,8000.00,10.70,0.19
80,57889,116.25,8000.00,10.66,0.19
80,57969,116.25,8000.00,10.66,0.19
81,58050,116.25,8100.00,10.65,0.19
80,58130,116.25,8000.00,10.66,0.19
80,58210,116.25,8000.00,10.68,0.19
80,58290,116.25,8000.00,10.69,0.19
80,58370,116.25,8000.00,10.71,0.19
80,58450,116.25,8000.00,10.69,0.19
80,58530,119.40,8000.00,10.69,0.19
80,58610,119.40,8000.00,10.67,0.18
81,58691,119.40,8100.00,10.66,0.18
80,58771,119.40,8000.00,10.68,0.18
80,58851,119.40,8000.00,10.67,0.19
80,58931,119.40,8000.00,10.69,0.19
81,59012,119.40,8100.00,10.69,0.19
80,59092,119.40,8000.00,10.68,0.19
80,59172,119.40,8000.00,10.68,0.19
80,59252,119.40,8000.00,10.67,0.19
81,59333,119.40,8100.00,10.68,0.19
80,59413,119.40,8000.00,10.66,0.19
80,59493,119.40,8000.00,10.67,0.19
80,59573,119.40,8000.00,10.68,0.19
80,59653,119.40,8000.00,10.68,0.20
81,59734,119.40,8100.00,10.70,0.20
80,59814,119.40,8000.00,10.68,0.19
80,59894,119.40,8000.00,10.68,0.19
80,59974,119.40,8000.00,10.66,0.18
80,60054,119.40,8000.00,10.65,0.19
80,60134,122.54,8000.00,10.66,0.19
80,60214,122.54,8000.00,10.66,0.19
80,60294,122.54,8000.00,10.69,0.19
80,60374,122.54,8000.00,10.68,0.19
80,60454,122.54,8000.00,10.68,0.19
81,60535,122.54,8100.00,10.68,0.19
80,60615,122.54,8000.00,10.66,0.19
80,60695,122.54,8000.00,10.67,0.19
80,60775,122.54,8000.00,10.65,0.19
80,60855,122.54,8000.00,10.66,0.19
80,60935,122.54,8000.00,10.67,0.19
81,61016,122.54,8100.00,10.68,0.19
80,61096,122.54,8000.00,10.69,0.19
80,61176,122.54,8000.00,10.69,0.19
80,61256,122.54,8000.00,10.70,0.19
80,61336,122.54,8000.00,10.67,0.19
81,61417,122.54,8100.00,10.67,0.19
80,61497,122.54,8000.00,10.66,0.19
80,61577,122.54,8000.00,10.66,0.19
80,61657,125.68,8000.00,10.68,0.19
80,61737,125.68,8000.00,10.69,0.19
81,61818,125.68,8100.00,10.69,0.19
80,61898,125.68,8000.00,10.67,0.19
80,61978,125.68,8000.00,10.66,0.19
80,62058,125.68,8000.00,10.66,0.18
80,62138,125.68,8000.00,10.66,0.18
80,62218,125.68,8000.00,10.67,0.18
80,62298,125.68,8000.00,10.67,0.19
80,62378,125.68,8000.00,10.68,0.19
80,62458,125.68,8000.00,10.68,0.19
80,62538,125.68,8000.00,10.68,0.19
80,62618,125.68,8000.00,10.68,0.19
81,62699,125.68,8100.00,10.67,0.19
80,62779,125.68,8000.00,10.67,0.19
80,62859,125.68,8000.00,10.66,0.19
80,62939,125.68,8000.00,10.67,0.19
80,63019,125.68,8000.00,10.67,0.19
81,63100,125.68,8100.00,10.68,0.19
80,63180,128.82,8000.00,10.70,0.19
80,63260,128.82,8000.00,10.67,0.19
81,63341,128.82,8100.00,10.67,0.19
80,63421,128.82,8000.00,10.65,0.18
80,63501,128.82,8000.00,10.65,0.19
80,63581,128.82,8000.00,10.67,0.19
80,63661,128.82,8000.00,10.67,0.19
81,63742,128.82,8100.00,10.69,0.19
80,63822,128.82,8000.00,10.68,0.19
80,63902,128.82,8000.00,10.68,0.19
80,63982,128.82,8000.00,10.68,0.19
80,64062,128.82,8000.00,10.66,0.19
80,64142,128.82,8000.00,10.68,0.19
80,64222,128.82,8000.00,10.65,0.19
80,64302,128.82,8000.00,10.66,0.19
80,64382,128.82,8000.00,10.67,0.19
80,64462,128.82,8000.00,10.68,0.19
81,64543,128.82,8100.00,10.70,0.19
80,64623,128.82,8000.00,10.70,0.19
80,64703,131.96,8000.00,10.69,0.19
80,64783,131.96,8000.00,10.67,0.19
80,64863,131.96,8000.00,10.67,0.19
80,64943,131.96,8000.00,10.67,0.19
81,65024,131.96,8100.00,10.67,0.19
80,65104,131.96,8000.00,10.70,0.19
80,65184,131.96,8000.00,10.69,0.19
81,65265,131.96,8100.00,10.69,0.19
80,65345,131.96,8000.00,10.68,0.19
80,65425,131.96,8000.00,10.67,0.19
80,65505,131.96,8000.00,10.67,0.19
80,65585,131.96,8000.00,10.66,0.19
80,65665,131.96,8000.00,10.68,0.19
81,65746,131.96,8100.00,10.67,0.19
80,65826,131.96,8000.00,10.69,0.19
80,65906,131.96,8000.00,10.69,0.19
80,65986,131.96,8000.00,10.68,0.19
80,66066,131.96,8000.00,10.68,0.19
80,66146,131.96,8000.00,10.65,0.18
80,66226,135.11,8000.00,10.67,0.18
80,66306,135.11,8000.00,10.66,0.18
81,66387,135.11,8100.00,10.66,0.19
80,66467,135.11,8000.00,10.69,0.19
80,66547,135.11,8000.00,10.68,0.11
67,66614,135.11,6700.00,11.14,-0.47
45,66659,135.11,4500.00,11.37,-0.95
27,66686,135.11,2700.00,11.38,-1.37
11,66697,135.11,1100.00,11.38,-1.65
-4,66693,135.11,-400.00,10.80,-1.43
-17,66676,135.11,-1700.00,10.35,-1.27
-27,66649,135.11,-2700.00,10.18,-1.13
-36,66613,135.11,-3600.00,10.06,-0.97
-43,66570,135.11,-4300.00,10.01,-0.81
-48,66522,135.11,-4800.00,10.02,-0.64
-52,66470,135.11,-5200.00,10.02,-0.51
-56,66414,135.11,-5600.00,9.95,-0.41
-60,66354,135.11,-6000.00,9.93,-0.35
-62,66292,135.11,-6200.00,9.98,-0.29
-64,66228,135.11,-6400.00,10.04,-0.25
-66,66162,131.96,-6600.00,10.11,-0.22
-68,66094,131.96,-6800.00,10.21,-0.19
-68,66026,131.96,-6800.00,10.26,-0.16
-71,65955,131.96,-7100.00,10.28,-0.13
-70,65885,131.96,-7000.00,10.29,-0.11
-72,65813,131.96,-7200.00,10.31,-0.10
-72,65741,131.96,-7200.00,10.34,-0.09
-74,65667,131.96,-7400.00,10.38,-0.08
-73,65594,131.96,-7300.00,10.42,-0.08
-74,65520,131.96,-7400.00,10.45,-0.07
-75,65445,131.96,-7500.00,10.49,-0.07
-75,65370,131.96,-7500.00,10.52,-0.07
-75,65295,131.96,-7500.00,10.52,-0.06
-76,65219,131.96,-7600.00,10.53,-0.05
-76,65143,131.96,-7600.00,10.53,-0.05
-76,65067,131.96,-7600.00,10.53,-0.04
-76,64991,131.96,-7600.00,10.56,-0.04
-76,64915,131.96,-7600.00,10.60,-0.05
-77,64838,131.96,-7700.00,10.60,-0.04
-76,64762,131.96,-7600.00,10.61,-0.03
-77,64685,131.96,-7700.00,10.63,-0.03
-77,64608,128.82,-7700.00,10.61,-0.03
-78,64530,128.82,-7800.00,10.60,-0.03
-76,64454,128.82,-7600.00,10.63,-0.03
-78,64376,128.82,-7800.00,10.61,-0.03
-78,64298,128.82,-7800.00,10.63,-0.03
-76,64222,128.82,-7600.00,10.66,-0.04
-78,64144,128.82,-7800.00,10.63,-0.03
-78,64066,128.82,-7800.00,10.66,-0.03
-77,63989,128.82,-7700.00,10.64,-0.03
-78,63911,128.82,-7800.00,10.64,-0.02
-77,63834,128.82,-7700.00,10.63,-0.02
-78,63756,128.82,-7800.00,10.61,-0.02
-77,63679,128.82,-7700.00,10.64,-0.03
-78,63601,128.82,-7800.00,10.66,-0.03
-78,63523,128.82,-7800.00,10.67,-0.03
-77,63446,128.82,-7700.00,10.69,-0.03
-78,63368,128.82,-7800.00,10.66,-0.02
-78,63290,128.82,-7800.00,10.66,-0.02
-77,63213,128.82,-7700.00,10.64,-0.02
-78,63135,125.68,-7800.00,10.64,-0.02
-78,63057,125.68,-7800.00,10.65,-0.03
-78,62979,125.68,-7800.00,10.64,-0.02
-77,62902,125.68,-7700.00,10.66,-0.03
-79,62823,125.68,-7900.00,10.65,-0.03
-77,62746,125.68,-7700.00,10.67,-0.03
-78,62668,125.68,-7800.00,10.66,-0.03
-78,62590,125.68,-7800.00,10.66,-0.02
-78,62512,125.68,-7800.00,10.66,-0.02
-78,62434,125.68,-7800.00,10.64,-0.02
-77,62357,125.68,-7700.00,10.65,-0.02
-79,62278,125.68,-7900.00,10.65,-0.02
-77,62201,125.68,-7700.00,10.68,-0.03
-78,62123,125.68,-7800.00,10.68,-0.03
-77,62046,125.68,-7700.00,10.67,-0.02
-78,61968,125.68,-7800.00,10.66,-0.02
-78,61890,125.68,-7800.00,10.64,-0.02
-78,61812,125.68,-7800.00,10.64,-0.02
-78,61734,125.68,-7800.00,10.64,-0.02
-77,61657,125.68,-7700.00,10.66,-0.03
-79,61578,122.54,-7900.00,10.68,-0.03
-77,61501,122.54,-7700.00,10.67,-0.02
-78,61423,122.54,-7800.00,10.68,-0.02
-77,61346,122.54,-7700.00,10.64,-0.02
-79,61267,122.54,-7900.00,10.65,-0.02
-77,61190,122.54,-7700.00,10.64,-0.02
-78,61112,122.54,-7800.00,10.64,-0.02
-78,61034,122.54,-7800.00,10.65,-0.03
-77,60957,122.54,-7700.00,10.65,-0.03
-79,60878,122.54,-7900.00,10.67,-0.03
-77,60801,122.54,-7700.00,10.65,-0.03
-78,60723,122.54,-7800.00,10.67,-0.02
-77,60646,122.54,-7700.00,10.65,-0.02
-78,60568,122.54,-7800.00,10.63,-0.02
-78,60490,122.54,-7800.00,10.64,-0.02
-78,60412,122.54,-7800.00,10.62,-0.02
-78,60334,122.54,-7800.00,10.65,-0.03
-77,60257,122.54,-7700.00,10.66,-0.03
-79,60178,122.54,-7900.00,10.68,-0.03
-77,60101,122.54,-7700.00,10.67,-0.03
-78,60023,119.40,-7800.00,10.65,-0.02
-78,59945,119.40,-7800.00,10.64,-0.02
-78,59867,119.40,-7800.00,10.62,-0.02
-77,59790,119.40,-7700.00,10.64,-0.02
-78,59712,119.40,-7800.00,10.64,-0.02
-78,59634,119.40,-7800.00,10.66,-0.02
-78,59556,119.40,-7800.00,10.67,-0.03
-78,59478,119.40,-7800.00,10.65,-0.02
-77,59401,119.40,-7700.00,10.67,-0.03
-78,59323,119.40,-7800.00,10.65,-0.03
-77,59246,119.40,-7700.00,10.65,-0.03
-79,59167,119.40,-7900.00,10.65,-0.03
-77,59090,119.40,-7700.00,10.64,-0.03
-78,59012,119.40,-7800.00,10.65,-0.03
-78,58934,119.40,-7800.00,10.65,-0.03
-78,58856,119.40,-7800.00,10.67,-0.03
-78,58778,119.40,-7800.00,10.66,-0.03
-77,58701,119.40,-7700.00,10.67,-0.02
-78,58623,119.40,-7800.00,10.65,-0.03
-78,58545,119.40,-7800.00,10.63,-0.02
-78,58467,116.25,-7800.00,10.64,-0.03
-77,58390,116.25,-7700.00,10.63,-0.03
-78,58312,116.25,-7800.00,10.66,-0.03
-78,58234,116.25,-7800.00,10.66,-0.03
-77,58157,116.25,-7700.00,10.67,-0.03
-79,58078,116.25,-7900.00,10.67,-0.03
-77,58001,116.25,-7700.00,10.65,-0.03
-78,57923,116.25,-7800.00,10.66,-0.03
-77,57846,116.25,-7700.00,10.63,-0.02
-79,57767,116.25,-7900.00,10.65,-0.02
-77,57690,116.25,-7700.00,10.65,-0.03
-78,57612,116.25,-7800.00,10.65,-0.03
-78,57534,116.25,-7800.00,10.67,-0.03
-78,57456,116.25,-7800.00,10.65,-0.03
-78,57378,116.25,-7800.00,10.66,-0.03
-77,57301,116.25,-7700.00,10.64,-0.03
-78,57223,116.25,-7800.00,10.65,-0.03
-78,57145,116.25,-7800.00,10.65,-0.03
-78,57067,116.25,-7800.00,10.64,-0.03
-77,56990,116.25,-7700.00,10.67,-0.03
-79,56911,113.11,-7900.00,10.66,-0.02
-77,56834,113.11,-7700.00,10.68,-0.03
-78,56756,113.11,-7800.00,10.67,-0.02
-78,56678,113.11,-7800.00,10.66,-0.02
-77,56601,113.11,-7700.00,10.66,-0.02
-78,56523,113.11,-7800.00,10.63,-0.02
-78,56445,113.11,-7800.00,10.64,-0.03
-78,56367,113.11,-7800.00,10.64,-0.02
-77,56290,113.11,-7700.00,10.67,-0.03
-79,56211,113.11,-7900.00,10.67,-0.03
-77,56134,113.11,-7700.00,10.67,-0.03
-78,56056,113.11,-7800.00,10.68,-0.03
-78,55978,113.11,-7800.00,10.63,-0.02
-78,55900,113.11,-7800.00,10.64,-0.03
-78,55822,113.11,-7800.00,10.63,-0.03
-77,55745,113.11,-7700.00,10.65,-0.03
-78,55667,113.11,-7800.00,10.66,-0.03
-78,55589,113.11,-7800.00,10.66,-0.03
-78,55511,113.11,-7800.00,10.67,-0.03
-77,55434,109.97,-7700.00,10.65,-0.02
-79,55355,109.97,-7900.00,10.65,-0.02
-77,55278,109.97,-7700.00,10.64,-0.02
-78,55200,109.97,-7800.00,10.65,-0.02
-78,55122,109.97,-7800.00,10.64,-0.03
-78,55044,109.97,-7800.00,10.65,-0.03
-78,54966,109.97,-7800.00,10.67,-0.03
-78,54888,109.97,-7800.00,10.66,-0.03
-78,54810,109.97,-7800.00,10.68,-0.03
-77,54733,109.97,-7700.00,10.67,-0.02
-79,54654,109.97,-7900.00,10.66,-0.02
-77,54577,109.97,-7700.00,10.65,-0.03
-79,54498,109.97,-7900.00,10.63,-0.02
-77,54421,109.97,-7700.00,10.64,-0.03
-78,54343,109.97,-7800.00,10.65,-0.03
-78,54265,109.97,-7800.00,10.68,-0.03
-78,54187,109.97,-7800.00,10.68,-0.03
-77,54110,109.97,-7700.00,10.67,-0.03
-79,54031,109.97,-7900.00,10.67,-0.03
-77,53954,109.97,-7700.00,10.63,-0.03
-79,53875,106.83,-7900.00,10.64,-0.03
-77,53798,106.83,-7700.00,10.63,-0.03
-79,53719,106.83,-7900.00,10.66,-0.03
-77,53642,106.83,-7700.00,10.68,-0.03
-78,53564,106.83,-7800.00,10.69,-0.02
-78,53486,106.83,-7800.00,10.69,-0.03
-78,53408,106.83,-7800.00,10.67,-0.02
-78,53330,106.83,-7800.00,10.66,-0.03
-78,53252,106.83,-7800.00,10.63,-0.03
-78,53174,106.83,-7800.00,10.65,-0.03
-78,53096,106.83,-7800.00,10.65,-0.03
-78,53018,106.83,-7800.00,10.67,-0.03
-78,52940,106.83,-7800.00,10.68,-0.03
-78,52862,106.83,-7800.00,10.67,-0.03
-78,52784,106.83,-7800.00,10.68,-0.03
-78,52706,106.83,-7800.00,10.66,-0.03
-78,52628,106.83,-7800.00,10.67,-0.03
-78,52550,106.83,-7800.00,10.65,-0.03
-78,52472,106.83,-7800.00,10.66,-0.03
-78,52394,106.83,-7800.00,10.66,-0.03
-77,52317,103.69,-7700.00,10.66,-0.03
-79,52238,103.69,-7900.00,10.67,-0.03
-77,52161,103.69,-7700.00,10.67,-0.03
-79,52082,103.69,-7900.00,10.68,-0.03
-77,52005,103.69,-7700.00,10.65,-0.03
-79,51926,103.69,-7900.00,10.66,-0.03
-77,51849,103.69,-7700.00,10.65,-0.03
-79,51770,103.69,-7900.00,10.65,-0.02
-77,51693,103.69,-7700.00,10.67,-0.03
-78,51615,103.69,-7800.00,10.65,-0.03
-78,51537,103.69,-7800.00,10.68,-0.03
-78,51459,103.69,-7800.00,10.66,-0.03
-78,51381,103.69,-7800.00,10.67,-0.02
-79,51302,103.69,-7900.00,10.65,-0.02
-77,51225,103.69,-7700.00,10.64,-0.02
-79,51146,103.69,-7900.00,10.65,-0.02
-77,51069,103.69,-7700.00,10.64,-0.03
-78,50991,103.69,-7800.00,10.67,-0.03
-78,50913,103.69,-7800.00,10.67,-0.03
-78,50835,103.69,-7800.00,10.68,-0.03
-78,50757,100.54,-7800.00,10.67,-0.03
-78,50679,100.54,-7800.00,10.66,-0.02
-78,50601,100.54,-7800.00,10.65,-0.02
-78,50523,100.54,-7800.00,10.64,-0.02
-78,50445,100.54,-7800.00,10.65,-0.03
-78,50367,100.54,-7800.00,10.64,-0.02
-78,50289,100.54,-7800.00,10.67,-0.03
-78,50211,100.54,-7800.00,10.67,-0.02
-78,50133,100.54,-7800.00,10.67,-0.03
-78,50055,100.54,-7800.00,10.67,-0.02
-77,49978,100.54,-7700.00,10.66,-0.02
-79,49899,100.54,-7900.00,10.65,-0.02
-78,49821,100.54,-7800.00,10.64,-0.02
-78,49743,100.54,-7800.00,10.66,-0.03
-77,49666,100.54,-7700.00,10.66,-0.03
-79,49587,100.54,-7900.00,10.69,-0.03
-77,49510,100.54,-7700.00,10.69,-0.03
-79,49431,100.54,-7900.00,10.68,-0.02
-77,49354,100.54,-7700.00,10.68,-0.03
-79,49275,97.40,-7900.00,10.65,-0.02
-77,49198,97.40,-7700.00,10.65,-0.03
-79,49119,97.40,-7900.00,10.64,-0.02
-77,49042,97.40,-7700.00,10.66,-0.02
-79,48963,97.40,-7900.00,10.67,-0.03
-77,48886,97.40,-7700.00,10.68,-0.02
-79,48807,97.40,-7900.00,10.69,-0.03
-77,48730,97.40,-7700.00,10.67,-0.02
-79,48651,97.40,-7900.00,10.66,-0.03
-77,48574,97.40,-7700.00,10.64,-0.03
-79,48495,97.40,-7900.00,10.65,-0.03
-77,48418,97.40,-7700.00,10.65,-0.03
-79,48339,97.40,-7900.00,10.68,-0.03
-78,48261,97.40,-7800.00,10.69,-0.02
-78,48183,97.40,-7800.00,10.69,-0.02
-78,48105,97.40,-7800.00,10.68,-0.02
-78,48027,97.40,-7800.00,10.65,-0.02
-78,47949,97.40,-7800.00,10.65,-0.02
-78,47871,97.40,-7800.00,10.64,-0.02
-78,47793,97.40,-7800.00,10.65,-0.02
-78,47715,94.26,-7800.00,10.66,-0.02
-78,47637,94.26,-7800.00,10.67,-0.02
-78,47559,94.26,-7800.00,10.67,-0.02
-78,47481,94.26,-7800.00,10.66,-0.02
-78,47403,94.26,-7800.00,10.66,-0.02
-78,47325,94.26,-7800.00,10.64,-0.02
-78,47247,94.26,-7800.00,10.65,-0.02
-78,47169,94.26,-7800.00,10.64,-0.02
-78,47091,94.26,-7800.00,10.66,-0.02
-78,47013,94.26,-7800.00,10.67,-0.03
-78,46935,94.26,-7800.00,10.68,-0.02
-78,46857,94.26,-7800.00,10.69,-0.03
-78,46779,94.26,-7800.00,10.66,-0.02
-78,46701,94.26,-7800.00,10.67,-0.02
-78,46623,94.26,-7800.00,10.64,-0.02
-78,46545,94.26,-7800.00,10.64,-0.02
-78,46467,94.26,-7800.00,10.64,-0.03
-78,46389,94.26,-7800.00,10.65,-0.02
-78,46311,94.26,-7800.00,10.67,-0.03
-78,46233,94.26,-7800.00,10.66,-0.02
-78,46155,91.12,-7800.00,10.68,-0.02
-78,46077,91.12,-7800.00,10.67,-0.02
-78,45999,91.12,-7800.00,10.67,-0.01
-78,45921,91.12,-7800.00,10.65,-0.01
-78,45843,91.12,-7800.00,10.66,-0.02
-78,45765,91.12,-7800.00,10.66,-0.02
-78,45687,91.12,-7800.00,10.66,-0.02
-78,45609,91.12,-7800.00,10.68,-0.03
-78,45531,91.12,-7800.00,10.66,-0.02
-78,45453,91.12,-7800.00,10.68,-0.03
-78,45375,91.12,-7800.00,10.67,-0.02
-78,45297,91.12,-7800.00,10.67,-0.02
-79,45218,91.12,-7900.00,10.66,-0.02
-77,45141,91.12,-7700.00,10.65,-0.02
-79,45062,91.12,-7900.00,10.65,-0.02
-77,44985,91.12,-7700.00,10.65,-0.02
-79,44906,91.12,-7900.00,10.67,-0.02
-77,44829,91.12,-7700.00,10.67,-0.02
-79,44750,91.12,-7900.00,10.68,-0.02
-77,44673,91.12,-7700.00,10.67,-0.02
-79,44594,87.98,-7900.00,10.66,-0.02
-77,44517,87.98,-7700.00,10.66,-0.02
-79,44438,87.98,-7900.00,10.65,-0.02
-78,44360,87.98,-7800.00,10.66,-0.02
-78,44282,87.98,-7800.00,10.66,-0.02
-78,44204,87.98,-7800.00,10.68,-0.02
-78,44126,87.98,-7800.00,10.67,-0.02
-78,44048,87.98,-7800.00,10.68,-0.02
-78,43970,87.98,-7800.00,10.67,-0.02
-78,43892,87.98,-7800.00,10.65,-0.02
-78,43814,87.98,-7800.00,10.65,-0.02
-78,43736,87.98,-7800.00,10.64,-0.02
-78,43658,87.98,-7800.00,10.67,-0.02
-79,43579,87.98,-7900.00,10.67,-0.02
-77,43502,87.98,-7700.00,10.69,-0.02
-79,43423,87.98,-7900.00,10.68,-0.02
-77,43346,87.98,-7700.00,10.68,-0.02
-79,43267,87.98,-7900.00,10.66,-0.01
-78,43189,87.98,-7800.00,10.66,-0.01
-78,43111,84.83,-7800.00,10.66,-0.02
-78,43033,84.83,-7800.00,10.65,-0.02
-79,42954,84.83,-7900.00,10.68,-0.03
-77,42877,84.83,-7700.00,10.67,-0.02
-79,42798,84.83,-7900.00,10.68,-0.02
-78,42720,84.83,-7800.00,10.67,-0.02
-78,42642,84.83,-7800.00,10.66,-0.02
-78,42564,84.83,-7800.00,10.65,-0.02
-78,42486,84.83,-7800.00,10.65,-0.02
-78,42408,84.83,-7800.00,10.65,-0.03
-78,42330,84.83,-7800.00,10.66,-0.03
-78,42252,84.83,-7800.00,10.69,-0.03
-78,42174,84.83,-7800.00,10.67,-0.02
-79,42095,84.83,-7900.00,10.69,-0.02
-77,42018,84.83,-7700.00,10.67,-0.02
-79,41939,84.83,-7900.00,10.65,-0.02
-78,41861,84.83,-7800.00,10.65,-0.02
-78,41783,84.83,-7800.00,10.64,-0.01
-78,41705,84.83,-7800.00,10.66,-0.02
-78,41627,84.83,-7800.00,10.66,-0.02
-78,41549,81.69,-7800.00,10.68,-0.02
-78,41471,81.69,-7800.00,10.67,-0.02
-78,41393,81.69,-7800.00,10.67,-0.02
-78,41315,81.69,-7800.00,10.66,-0.02
-78,41237,81.69,-7800.00,10.65,-0.02
-79,41158,81.69,-7900.00,10.65,-0.03
-77,41081,81.69,-7700.00,10.65,-0.02
-79,41002,81.69,-7900.00,10.67,-0.02
-78,40924,81.69,-7800.00,10.66,-0.02
-78,40846,81.69,-7800.00,10.69,-0.02
-78,40768,81.69,-7800.00,10.68,-0.02
-78,40690,81.69,-7800.00,10.68,-0.02
-78,40612,81.69,-7800.00,10.67,-0.02
-78,40534,81.69,-7800.00,10.66,-0.02
-79,40455,81.69,-7900.00,10.67,-0.02
-77,40378,81.69,-7700.00,10.66,-0.02
-79,40299,81.69,-7900.00,10.69,-0.02
-77,40222,81.69,-7700.00,10.67,-0.02
-79,40143,81.69,-7900.00,10.68,-0.03
-78,40065,81.69,-7800.00,10.67,-0.02
-78,39987,78.55,-7800.00,10.67,-0.02
-78,39909,78.55,-7800.00,10.66,-0.02
-78,39831,78.55,-7800.00,10.65,-0.02
-78,39753,78.55,-7800.00,10.66,-0.02
-79,39674,78.55,-7900.00,10.66,-0.02
-78,39596,78.55,-7800.00,10.68,-0.02
-78,39518,78.55,-7800.00,10.67,-0.02
-78,39440,78.55,-7800.00,10.68,-0.02
-78,39362,78.55,-7800.00,10.67,-0.02
-78,39284,78.55,-7800.00,10.66,-0.02
-78,39206,78.55,-7800.00,10.66,-0.02
-78,39128,78.55,-7800.00,10.65,-0.02
-78,39050,78.55,-7800.00,10.66,-0.02
-79,38971,78.55,-7900.00,10.66,-0.03
-77,38894,78.55,-7700.00,10.68,-0.03
-79,38815,78.55,-7900.00,10.67,-0.02
-78,38737,78.55,-7800.00,10.68,-0.02
-79,38658,78.55,-7900.00,10.66,-0.01
-77,38581,78.55,-7700.00,10.64,-0.02
-78,38503,78.55,-7800.00,10.49,-0.00
-77,38426,75.41,-7700.00,10.28,0.02
-76,38350,75.41,-7600.00,10.13,0.03
-76,38274,75.41,-7600.00,9.95,0.04
-76,38198,75.41,-7600.00,9.88,0.04
-74,38124,75.41,-7400.00,9.86,0.03
-74,38050,75.41,-7400.00,9.82,0.03
-74,37976,75.41,-7400.00,9.77,0.02
-74,37902,75.41,-7400.00,9.75,0.02
-73,37829,75.41,-7300.00,9.68,0.02
-72,37757,75.41,-7200.00,9.61,0.03
-72,37685,75.41,-7200.00,9.55,0.03
-72,37613,75.41,-7200.00,9.49,0.03
-71,37542,75.41,-7100.00,9.46,0.03
-72,37470,75.41,-7200.00,9.44,0.02
-70,37400,75.41,-7000.00,9.41,0.02
-70,37330,75.41,-7000.00,9.39,0.02
-70,37260,75.41,-7000.00,9.38,0.02
-70,37190,75.41,-7000.00,9.37,0.01
-69,37121,75.41,-6900.00,9.39,0.01
-70,37051,75.41,-7000.00,9.40,-0.00
-69,36982,75.41,-6900.00,9.40,0.00
-69,36913,72.27,-6900.00,9.36,0.00
-69,36844,72.27,-6900.00,9.32,0.00
-69,36775,72.27,-6900.00,9.31,0.01
-68,36707,72.27,-6800.00,9.28,0.00
-68,36639,72.27,-6800.00,9.24,-0.00
-69,36570,72.27,-6900.00,9.21,0.00
-67,36503,72.27,-6700.00,9.20,0.00
-68,36435,72.27,-6800.00,9.20,0.00
-68,36367,72.27,-6800.00,9.23,0.00
-67,36300,72.27,-6700.00,9.24,-0.00
-67,36233,72.27,-6700.00,9.21,-0.00
-68,36165,72.27,-6800.00,9.19,-0.00
-67,36098,72.27,-6700.00,9.12,-0.00
-67,36031,72.27,-6700.00,9.12,-0.00
-67,35964,72.27,-6700.00,9.10,-0.00
-67,35897,72.27,-6700.00,9.09,-0.01
-67,35830,72.27,-6700.00,9.14,-0.01
-67,35763,72.27,-6700.00,9.16,-0.02
-66,35697,72.27,-6600.00,9.13,-0.01
-67,35630,72.27,-6700.00,9.12,-0.01
-67,35563,72.27,-6700.00,9.09,-0.00
-66,35497,72.27,-6600.00,9.04,0.00
-67,35430,72.27,-6700.00,9.06,-0.00
-66,35364,69.12,-6600.00,9.07,-0.01
-66,35298,69.12,-6600.00,9.08,-0.01
-67,35231,69.12,-6700.00,9.11,-0.01
-66,35165,69.12,-6600.00,9.13,-0.01
-66,35099,69.12,-6600.00,9.09,-0.01
-66,35033,69.12,-6600.00,9.08,-0.01
-67,34966,69.12,-6700.00,9.04,-0.01
-65,34901,69.12,-6500.00,9.00,-0.00
-67,34834,69.12,-6700.00,9.03,-0.01
-65,34769,69.12,-6500.00,9.02,-0.01
-67,34702,69.12,-6700.00,9.05,-0.01
-65,34637,69.12,-6500.00,9.09,-0.02
-67,34570,69.12,-6700.00,9.06,-0.01
-65,34505,69.12,-6500.00,9.08,-0.01
-66,34439,69.12,-6600.00,9.04,-0.01
-66,34373,69.12,-6600.00,9.01,-0.00
-66,34307,69.12,-6600.00,9.02,-0.00
-66,34241,69.12,-6600.00,9.00,-0.00
-66,34175,69.12,-6600.00,9.04,-0.01
-65,34110,69.12,-6500.00,9.05,-0.01
-66,34044,69.12,-6600.00,9.08,-0.01
-66,33978,69.12,-6600.00,9.10,-0.01
-66,33912,69.12,-6600.00,9.03,-0.00
-66,33846,65.98,-6600.00,9.02,-0.01
-65,33781,65.98,-6500.00,8.97,-0.00
-66,33715,65.98,-6600.00,8.97,-0.00
-65,33650,65.98,-6500.00,9.03,-0.01
-66,33584,65.98,-6600.00,9.03,-0.01
-66,33518,65.98,-6600.00,9.08,-0.01
-66,33452,65.98,-6600.00,9.07,-0.01
-66,33386,65.98,-6600.00,9.04,-0.01
-65,33321,65.98,-6500.00,9.04,-0.01
-66,33255,65.98,-6600.00,8.98,-0.00
-65,33190,65.98,-6500.00,8.98,-0.01
-66,33124,65.98,-6600.00,8.98,-0.01
-66,33058,65.98,-6600.00,8.99,-0.01
-65,32993,65.98,-6500.00,9.05,-0.02
-66,32927,65.98,-6600.00,9.05,-0.01
-65,32862,65.98,-6500.00,9.07,-0.01
-66,32796,65.98,-6600.00,9.02,-0.01
-66,32730,65.98,-6600.00,9.00,-0.01
-65,32665,65.98,-6500.00,8.97,-0.01
-66,32599,65.98,-6600.00,8.96,-0.00
-65,32534,65.98,-6500.00,9.01,-0.01
-66,32468,65.98,-6600.00,9.01,-0.01
-66,32402,65.98,-6600.00,9.05,-0.01
-65,32337,62.84,-6500.00,9.06,-0.01
-66,32271,62.84,-6600.00,9.04,-0.01
-65,32206,62.84,-6500.00,9.02,-0.01
-65,32141,62.84,-6500.00,8.98,-0.00
-66,32075,62.84,-6600.00,8.98,-0.01
-66,32009,62.84,-6600.00,8.97,-0.00
-65,31944,62.84,-6500.00,8.99,-0.01
-66,31878,62.84,-6600.00,9.04,-0.01
-65,31813,62.84,-6500.00,9.03,-0.01
-66,31747,62.84,-6600.00,9.06,-0.01
-65,31682,62.84,-6500.00,9.02,-0.01
-66,31616,62.84,-6600.00,9.00,-0.01
-66,31550,62.84,-6600.00,8.97,-0.01
-65,31485,62.84,-6500.00,8.96,-0.01
-66,31419,62.84,-6600.00,9.00,-0.02
-65,31354,62.84,-6500.00,9.00,-0.02
-66,31288,62.84,-6600.00,9.06,-0.02
-66,31222,62.84,-6600.00,9.07,-0.01
-65,31157,62.84,-6500.00,9.05,-0.01
-66,31091,62.84,-6600.00,9.04,-0.01
-65,31026,62.84,-6500.00,8.98,-0.01
-66,30960,62.84,-6600.00,8.98,-0.01
-65,30895,62.84,-6500.00,8.97,-0.01
-65,30830,62.84,-6500.00,9.01,-0.01
-66,30764,59.70,-6600.00,9.04,-0.01
-66,30698,59.70,-6600.00,9.03,-0.02
-65,30633,59.70,-6500.00,9.07,-0.02
-66,30567,59.70,-6600.00,9.01,-0.01
-65,30502,59.70,-6500.00,9.00,-0.01
-66,30436,59.70,-6600.00,8.97,-0.01
-65,30371,59.70,-6500.00,8.97,-0.01
-66,30305,59.70,-6600.00,9.00,-0.01
-65,30240,59.70,-6500.00,9.00,-0.01
-66,30174,59.70,-6600.00,9.06,-0.02
-65,30109,59.70,-6500.00,9.06,-0.02
-66,30043,59.70,-6600.00,9.04,-0.02
-65,29978,59.70,-6500.00,9.02,-0.02
-66,29912,59.70,-6600.00,8.96,-0.01
-66,29846,59.70,-6600.00,8.97,-0.02
-65,29781,59.70,-6500.00,8.95,-0.01
-66,29715,59.70,-6600.00,8.98,-0.01
-65,29650,59.70,-6500.00,9.02,-0.02
-65,29585,59.70,-6500.00,9.02,-0.02
-66,29519,59.70,-6600.00,9.06,-0.02
-65,29454,59.70,-6500.00,9.02,-0.02
-66,29388,59.70,-6600.00,9.02,-0.02
-66,29322,59.70,-6600.00,8.98,-0.01
-65,29257,56.56,-6500.00,8.96,-0.01
-66,29191,56.56,-6600.00,8.99,-0.01
-65,29126,56.56,-6500.00,9.00,-0.01
-65,29061,56.56,-6500.00,9.05,-0.01
-66,28995,56.56,-6600.00,9.06,-0.01
-65,28930,56.56,-6500.00,9.05,-0.01
-66,28864,56.56,-6600.00,9.01,-0.01
-66,28798,56.56,-6600.00,8.98,-0.01
-65,28733,56.56,-6500.00,8.97,-0.01
-66,28667,56.56,-6600.00,8.95,-0.01
-65,28602,56.56,-6500.00,9.00,-0.02
-66,28536,56.56,-6600.00,9.02,-0.02
-66,28470,56.56,-6600.00,9.04,-0.02
-65,28405,56.56,-6500.00,9.08,-0.02
-66,28339,56.56,-6600.00,9.03,-0.01
-65,28274,56.56,-6500.00,9.03,-0.01
-65,28209,56.56,-6500.00,8.98,-0.00
-67,28142,56.56,-6700.00,8.97,-0.01
-64,28078,56.56,-6400.00,9.00,-0.01
-66,28012,56.56,-6600.00,8.99,-0.01
-66,27946,56.56,-6600.00,9.05,-0.02
-65,27881,56.56,-6500.00,9.04,-0.02
-66,27815,56.56,-6600.00,9.05,-0.01
-65,27750,56.56,-6500.00,9.02,-0.01
-66,27684,53.41,-6600.00,8.98,-0.01
-66,27618,53.41,-6600.00,8.97,-0.01
-65,27553,53.41,-6500.00,8.95,-0.00
-66,27487,53.41,-6600.00,9.00,-0.01
-65,27422,53.41,-6500.00,9.02,-0.01
-66,27356,53.41,-6600.00,9.04,-0.02
-66,27290,53.41,-6600.00,9.07,-0.02
-65,27225,53.41,-6500.00,9.01,-0.02
-66,27159,53.41,-6600.00,9.01,-0.02
-65,27094,53.41,-6500.00,8.96,-0.01
-66,27028,53.41,-6600.00,8.98,-0.01
-66,26962,53.41,-6600.00,9.00,-0.01
-65,26897,53.41,-6500.00,9.00,-0.01
-66,26831,53.41,-6600.00,9.06,-0.02
-65,26766,53.41,-6500.00,9.05,-0.02
-66,26700,53.41,-6600.00,9.05,-0.02
-66,26634,53.41,-6600.00,9.02,-0.01
-65,26569,53.41,-6500.00,8.99,-0.01
-66,26503,53.41,-6600.00,8.99,-0.01
-65,26438,53.41,-6500.00,8.97,-0.01
-66,26372,53.41,-6600.00,9.02,-0.02
-66,26306,53.41,-6600.00,9.04,-0.02
-65,26241,53.41,-6500.00,9.05,-0.02
-66,26175,50.27,-6600.00,9.08,-0.02
-65,26110,50.27,-6500.00,9.03,-0.01
-66,26044,50.27,-6600.00,9.03,-0.02
-66,25978,50.27,-6600.00,8.99,-0.01
-65,25913,50.27,-6500.00,8.97,-0.01
-66,25847,50.27,-6600.00,9.01,-0.01
-65,25782,50.27,-6500.00,9.01,-0.01
-66,25716,50.27,-6600.00,9.06,-0.01
-66,25650,50.27,-6600.00,9.05,-0.01
-65,25585,50.27,-6500.00,9.06,-0.01
-66,25519,50.27,-6600.00,9.03,-0.01
-65,25454,50.27,-6500.00,9.00,-0.01
-66,25388,50.27,-6600.00,9.00,-0.02
-66,25322,50.27,-6600.00,8.97,-0.01
-65,25257,50.27,-6500.00,9.01,-0.02
-66,25191,50.27,-6600.00,9.03,-0.02
-65,25126,50.27,-6500.00,9.04,-0.02
-66,25060,50.27,-6600.00,9.09,-0.02
-66,24994,50.27,-6600.00,9.02,-0.01
-65,24929,50.27,-6500.00,9.02,-0.01
-66,24863,50.27,-6600.00,8.98,-0.01
-65,24798,50.27,-6500.00,8.97,-0.01
-67,24731,50.27,-6700.00,9.00,-0.01
-65,24666,50.27,-6500.00,9.00,-0.01
-66,24600,47.13,-6600.00,9.05,-0.02
-66,24534,47.13,-6600.00,9.05,-0.02
-65,24469,47.13,-6500.00,9.06,-0.01
-66,24403,47.13,-6600.00,9.04,-0.01
-65,24338,47.13,-6500.00,8.99,-0.01
-66,24272,47.13,-6600.00,9.00,-0.01
-66,24206,47.13,-6600.00,8.97,-0.01
-65,24141,47.13,-6500.00,9.00,-0.01
-66,24075,47.13,-6600.00,9.04,-0.01
-65,24010,47.13,-6500.00,9.04,-0.01
-67,23943,47.13,-6700.00,9.08,-0.01
-65,23878,47.13,-6500.00,9.03,-0.01
-66,23812,47.13,-6600.00,9.03,-0.01
-66,23746,47.13,-6600.00,9.00,-0.01
-65,23681,47.13,-6500.00,8.97,-0.01
-66,23615,47.13,-6600.00,9.02,-0.01
-65,23550,47.13,-6500.00,9.00,-0.01
-66,23484,47.13,-6600.00,9.04,-0.02
-66,23418,47.13,-6600.00,9.07,-0.01
-65,23353,47.13,-6500.00,9.06,-0.01
-66,23287,47.13,-6600.00,9.06,-0.01
-65,23222,47.13,-6500.00,9.00,-0.01
-66,23156,47.13,-6600.00,9.00,-0.01
-66,23090,43.99,-6600.00,8.99,-0.01
-65,23025,43.99,-6500.00,8.99,-0.01
-66,22959,43.99,-6600.00,9.04,-0.01
-64,22895,43.99,-6400.00,9.02,-0.01
-66,22829,43.99,-6600.00,9.07,-0.02
-66,22763,43.99,-6600.00,9.04,-0.01
-66,22697,43.99,-6600.00,9.01,-0.01
-66,22631,43.99,-6600.00,9.01,-0.01
-65,22566,43.99,-6500.00,8.96,-0.01
-66,22500,43.99,-6600.00,8.98,-0.01
-65,22435,43.99,-6500.00,8.99,-0.01
-66,22369,43.99,-6600.00,9.02,-0.01
-66,22303,43.99,-6600.00,9.07,-0.02
-65,22238,43.99,-6500.00,9.05,-0.01
-66,22172,43.99,-6600.00,9.06,-0.01
-65,22107,43.99,-6500.00,9.00,-0.01
-66,22041,43.99,-6600.00,8.97,-0.01
-66,21975,43.99,-6600.00,8.99,-0.01
-65,21910,43.99,-6500.00,8.99,-0.01
-66,21844,43.99,-6600.00,9.03,-0.02
-65,21779,43.99,-6500.00,9.03,-0.01
-66,21713,43.99,-6600.00,9.07,-0.02
-66,21647,43.99,-6600.00,9.04,-0.01
-65,21582,43.99,-6500.00,9.02,-0.01
-66,21516,40.85,-6600.00,9.01,-0.01
-65,21451,40.85,-6500.00,8.96,-0.01
-66,21385,40.85,-6600.00,8.99,-0.01
-66,21319,40.85,-6600.00,9.01,-0.01
-65,21254,40.85,-6500.00,9.02,-0.01
-66,21188,40.85,-6600.00,9.08,-0.02
-65,21123,40.85,-6500.00,9.05,-0.01
-66,21057,40.85,-6600.00,9.05,-0.01
-66,20991,40.85,-6600.00,9.01,-0.01
-65,20926,40.85,-6500.00,8.97,-0.01
-66,20860,40.85,-6600.00,8.98,-0.01
-66,20794,40.85,-6600.00,8.98,-0.01
-65,20729,40.85,-6500.00,9.03,-0.02
-66,20663,40.85,-6600.00,9.05,-0.02
-65,20598,40.85,-6500.00,9.08,-0.02
-67,20531,40.85,-6700.00,9.06,-0.02
-65,20466,40.85,-6500.00,9.02,-0.01
-66,20400,40.85,-6600.00,9.01,-0.01
-65,20335,40.85,-6500.00,8.97,-0.01
-66,20269,40.85,-6600.00,8.99,-0.01
-66,20203,40.85,-6600.00,9.02,-0.01
-65,20138,40.85,-6500.00,9.03,-0.01
-66,20072,40.85,-6600.00,9.08,-0.02
-65,20007,37.70,-6500.00,9.05,-0.01
-66,19941,37.70,-6600.00,9.05,-0.01
-66,19875,37.70,-6600.00,9.02,-0.01
-65,19810,37.70,-6500.00,8.99,-0.01
-66,19744,37.70,-6600.00,9.01,-0.01
-66,19678,37.70,-6600.00,9.00,-0.01
-66,19612,37.70,-6600.00,9.05,-0.01
-65,19547,37.70,-6500.00,9.07,-0.01
-66,19481,37.70,-6600.00,9.09,-0.02
-66,19415,37.70,-6600.00,9.10,-0.02
-65,19350,37.70,-6500.00,9.03,-0.01
-66,19284,37.70,-6600.00,9.01,-0.01
-65,19219,37.70,-6500.00,8.97,-0.01
-66,19153,37.70,-6600.00,8.98,-0.01
-66,19087,37.70,-6600.00,9.03,-0.01
-66,19021,37.70,-6600.00,9.03,-0.01
-66,18955,37.70,-6600.00,9.07,-0.02
-65,18890,37.70,-6500.00,9.06,-0.01
-66,18824,37.70,-6600.00,9.04,-0.01
-65,18759,37.70,-6500.00,9.04,-0.01
-66,18693,37.70,-6600.00,8.98,-0.00
-66,18627,37.70,-6600.00,8.99,-0.01
-66,18561,37.70,-6600.00,8.99,-0.01
-66,18495,37.70,-6600.00,9.01,-0.02
-65,18430,34.56,-6500.00,9.06,-0.02
-66,18364,34.56,-6600.00,9.05,-0.02
-65,18299,34.56,-6500.00,9.06,-0.02
-66,18233,34.56,-6600.00,9.01,-0.01
-66,18167,34.56,-6600.00,9.00,-0.01
-65,18102,34.56,-6500.00,8.99,-0.01
-67,18035,34.56,-6700.00,8.98,-0.01
-65,17970,34.56,-6500.00,9.03,-0.01
-66,17904,34.56,-6600.00,9.04,-0.01
-65,17839,34.56,-6500.00,9.07,-0.02
-66,17773,34.56,-6600.00,9.09,-0.02
-66,17707,34.56,-6600.00,9.04,-0.01
-65,17642,34.56,-6500.00,9.04,-0.01
-67,17575,34.56,-6700.00,8.98,-0.01
-65,17510,34.56,-6500.00,8.98,-0.01
-66,17444,34.56,-6600.00,9.02,-0.01
-65,17379,34.56,-6500.00,9.02,-0.01
-66,17313,34.56,-6600.00,9.07,-0.02
-66,17247,34.56,-6600.00,9.06,-0.02
-65,17182,34.56,-6500.00,9.06,-0.02
-67,17115,34.56,-6700.00,9.03,-0.01
-65,17050,34.56,-6500.00,8.98,-0.01
-66,16984,34.56,-6600.00,8.99,-0.01
-65,16919,31.42,-6500.00,8.95,-0.01
-66,16853,31.42,-6600.00,8.99,-0.01
-66,16787,31.42,-6600.00,9.04,-0.01
-66,16721,31.42,-6600.00,9.04,-0.01
-66,16655,31.42,-6600.00,9.10,-0.02
-65,16590,31.42,-6500.00,9.05,-0.02
-66,16524,31.42,-6600.00,9.02,-0.02
-65,16459,31.42,-6500.00,8.99,-0.01
-66,16393,31.42,-6600.00,8.97,-0.01
-66,16327,31.42,-6600.00,9.01,-0.02
-65,16262,31.42,-6500.00,9.02,-0.01
-66,16196,31.42,-6600.00,9.06,-0.02
-66,16130,31.42,-6600.00,9.07,-0.02
-66,16064,31.42,-6600.00,9.04,-0.01
-65,15999,31.42,-6500.00,9.06,-0.02
-66,15933,31.42,-6600.00,9.01,-0.01
-66,15867,31.42,-6600.00,9.00,-0.01
-65,15802,31.42,-6500.00,9.01,-0.01
-66,15736,31.42,-6600.00,9.02,-0.01
-66,15670,31.42,-6600.00,9.06,-0.02
-66,15604,31.42,-6600.00,9.06,-0.02
-65,15539,31.42,-6500.00,9.09,-0.02
-66,15473,31.42,-6600.00,9.06,-0.01
-66,15407,31.42,-6600.00,9.01,-0.01
-65,15342,28.28,-6500.00,9.00,-0.01
-66,15276,28.28,-6600.00,8.97,-0.01
-65,15211,28.28,-6500.00,8.99,-0.01
-67,15144,28.28,-6700.00,9.02,-0.01
-65,15079,28.28,-6500.00,9.04,-0.01
-66,15013,28.28,-6600.00,9.08,-0.02
-66,14947,28.28,-6600.00,9.04,-0.01
-65,14882,28.28,-6500.00,9.05,-0.01
-66,14816,28.28,-6600.00,9.01,-0.00
-65,14751,28.28,-6500.00,8.99,-0.00
-66,14685,28.28,-6600.00,9.02,-0.01
-66,14619,28.28,-6600.00,9.02,-0.01
-66,14553,28.28,-6600.00,9.07,-0.02
-66,14487,28.28,-6600.00,9.08,-0.02
-65,14422,28.28,-6500.00,9.10,-0.01
-66,14356,28.28,-6600.00,9.09,-0.01
-65,14291,28.28,-6500.00,9.03,-0.01
-66,14225,28.28,-6600.00,9.01,-0.01
-66,14159,28.28,-6600.00,8.97,-0.01
-65,14094,28.28,-6500.00,8.97,-0.01
-67,14027,28.28,-6700.00,9.02,-0.02
-65,13962,28.28,-6500.00,9.02,-0.02
-66,13896,28.28,-6600.00,9.08,-0.02
-65,13831,25.14,-6500.00,9.08,-0.01
-66,13765,25.14,-6600.00,9.05,-0.01
-66,13699,25.14,-6600.00,9.04,-0.01
-65,13634,25.14,-6500.00,8.99,-0.00
-66,13568,25.14,-6600.00,9.01,-0.01
-65,13503,25.14,-6500.00,9.01,-0.01
-67,13436,25.14,-6700.00,9.04,-0.01
-65,13371,25.14,-6500.00,9.08,-0.01
-66,13305,25.14,-6600.00,9.07,-0.01
-66,13239,25.14,-6600.00,9.08,-0.02
-65,13174,25.14,-6500.00,9.01,-0.01
-66,13108,25.14,-6600.00,8.98,-0.02
-65,13043,25.14,-6500.00,8.97,-0.01
-66,12977,25.14,-6600.00,8.97,-0.01
-66,12911,25.14,-6600.00,9.03,-0.02
-66,12845,25.14,-6600.00,9.05,-0.02
-66,12779,25.14,-6600.00,9.09,-0.02
-65,12714,25.14,-6500.00,9.08,-0.02
-66,12648,25.14,-6600.00,9.04,-0.01
-65,12583,25.14,-6500.00,9.03,-0.01
-66,12517,25.14,-6600.00,8.98,-0.01
-66,12451,25.14,-6600.00,9.00,-0.01
-65,12386,25.14,-6500.00,9.02,-0.01
-66,12320,25.14,-6600.00,9.02,-0.01
-66,12254,21.99,-6600.00,9.07,-0.01
-66,12188,21.99,-6600.00,9.05,-0.01
-65,12123,21.99,-6500.00,9.05,-0.01
-66,12057,21.99,-6600.00,9.02,-0.01
-66,11991,21.99,-6600.00,8.99,-0.01
-65,11926,21.99,-6500.00,8.98,-0.01
-66,11860,21.99,-6600.00,8.97,-0.01
-65,11795,21.99,-6500.00,9.02,-0.02
-66,11729,21.99,-6600.00,9.03,-0.02
-66,11663,21.99,-6600.00,9.04,-0.02
-65,11598,21.99,-6500.00,9.07,-0.02
-66,11532,21.99,-6600.00,9.02,-0.01
-65,11467,21.99,-6500.00,9.04,-0.01
-66,11401,21.99,-6600.00,8.99,-0.01
-66,11335,21.99,-6600.00,8.98,-0.01
-66,11269,21.99,-6600.00,9.01,-0.02
-66,11203,21.99,-6600.00,8.99,-0.02
-65,11138,21.99,-6500.00,9.05,-0.02
-66,11072,21.99,-6600.00,9.04,-0.02
-65,11007,21.99,-6500.00,9.03,-0.02
-66,10941,21.99,-6600.00,9.04,-0.02
-66,10875,21.99,-6600.00,9.00,-0.01
-65,10810,21.99,-6500.00,9.02,-0.01
-66,10744,18.85,-6600.00,9.01,-0.01
-66,10678,18.85,-6600.00,9.04,-0.02
-66,10612,18.85,-6600.00,9.07,-0.02
-65,10547,18.85,-6500.00,9.06,-0.02
-66,10481,18.85,-6600.00,9.09,-0.02
-66,10415,18.85,-6600.00,9.03,-0.01
-65,10350,18.85,-6500.00,9.01,-0.01
-67,10283,18.85,-6700.00,8.99,-0.00
-65,10218,18.85,-6500.00,8.97,-0.00
-66,10152,18.85,-6600.00,9.02,-0.01
-65,10087,18.85,-6500.00,9.02,-0.02
-66,10021,18.85,-6600.00,9.05,-0.02
-66,9955,18.85,-6600.00,9.08,-0.02
-66,9889,18.85,-6600.00,9.04,-0.01
-66,9823,18.85,-6600.00,9.05,-0.01
-65,9758,18.85,-6500.00,8.99,-0.00
-66,9692,18.85,-6600.00,8.99,-0.01
-65,9627,18.85,-6500.00,9.00,-0.01
-67,9560,18.85,-6700.00,8.99,-0.01
-65,9495,18.85,-6500.00,9.06,-0.02
-66,9429,18.85,-6600.00,9.04,-0.01
-66,9363,18.85,-6600.00,9.07,-0.01
-65,9298,18.85,-6500.00,9.06,-0.01
-67,9231,15.71,-6700.00,9.00,-0.01
-65,9166,15.71,-6500.00,9.01,-0.01
-66,9100,15.71,-6600.00,8.97,-0.01
-65,9035,15.71,-6500.00,8.98,-0.01
-66,8969,15.71,-6600.00,9.03,-0.01
-66,8903,15.71,-6600.00,9.03,-0.01
-66,8837,15.71,-6600.00,9.09,-0.02
-66,8771,15.71,-6600.00,9.05,-0.01
-65,8706,15.71,-6500.00,9.02,-0.01
-67,8639,15.71,-6700.00,9.01,-0.01
-65,8574,15.71,-6500.00,8.96,-0.01
-66,8508,15.71,-6600.00,9.00,-0.01
-65,8443,15.71,-6500.00,9.01,-0.01
-67,8376,15.71,-6700.00,9.05,-0.02
-65,8311,15.71,-6500.00,9.10,-0.02
-66,8245,15.71,-6600.00,9.08,-0.02
-66,8179,15.71,-6600.00,9.09,-0.02
-66,8113,15.71,-6600.00,9.03,-0.01
-66,8047,15.71,-6600.00,8.99,-0.01
-65,7982,15.71,-6500.00,8.99,-0.01
-66,7916,15.71,-6600.00,8.98,-0.01
-66,7850,15.71,-6600.00,9.04,-0.02
-66,7784,15.71,-6600.00,9.06,-0.02
-65,7719,15.71,-6500.00,9.08,-0.02
-66,7653,12.57,-6600.00,9.10,-0.02
-66,7587,12.57,-6600.00,9.02,-0.01
-66,7521,12.57,-6600.00,9.03,-0.01
-66,7455,12.57,-6600.00,8.99,-0.01
-66,7389,12.57,-6600.00,8.98,-0.01
-66,7323,12.57,-6600.00,9.03,-0.01
-65,7258,12.57,-6500.00,9.02,-0.01
-66,7192,12.57,-6600.00,9.07,-0.01
-66,7126,12.57,-6600.00,9.07,-0.01
-66,7060,12.57,-6600.00,9.06,-0.02
-65,6995,12.57,-6500.00,9.05,-0.02
-66,6929,12.57,-6600.00,9.00,-0.01
-66,6863,12.57,-6600.00,9.02,-0.02
-66,6797,12.57,-6600.00,9.02,-0.01
-66,6731,12.57,-6600.00,9.03,-0.01
-65,6666,12.57,-6500.00,9.08,-0.02
-66,6600,12.57,-6600.00,9.07,-0.01
-66,6534,12.57,-6600.00,9.08,-0.01
-66,6468,12.57,-6600.00,9.05,-0.00
-66,6402,12.57,-6600.00,9.01,-0.00
-66,6336,12.57,-6600.00,9.01,-0.01
-65,6271,12.57,-6500.00,8.98,-0.01
-66,6205,12.57,-6600.00,9.01,-0.01
-66,6139,9.43,-6600.00,9.04,-0.02
-66,6073,9.43,-6600.00,9.04,-0.02
-66,6007,9.43,-6600.00,9.09,-0.02
-65,5942,9.43,-6500.00,9.05,-0.02
-67,5875,9.43,-6700.00,9.04,-0.01
-65,5810,9.43,-6500.00,9.02,-0.01
-66,5744,9.43,-6600.00,8.97,-0.00
-66,5678,9.43,-6600.00,9.00,-0.01
-66,5612,9.43,-6600.00,9.00,-0.01
-65,5547,9.43,-6500.00,9.04,-0.01
-67,5480,9.43,-6700.00,9.08,-0.01
-65,5415,9.43,-6500.00,9.06,-0.01
-66,5349,9.43,-6600.00,9.07,-0.01
-66,5283,9.43,-6600.00,9.02,-0.00
-66,5217,9.43,-6600.00,9.00,-0.01
-66,5151,9.43,-6600.00,9.02,-0.01
-65,5086,9.43,-6500.00,9.01,-0.01
-67,5019,9.43,-6700.00,9.06,-0.01
-65,4954,9.43,-6500.00,9.07,-0.01
-66,4888,9.43,-6600.00,9.07,-0.01
-65,4823,9.43,-6500.00,9.08,-0.01
-67,4756,9.43,-6700.00,9.04,-0.01
-65,4691,9.43,-6500.00,9.04,-0.01
-66,4625,9.43,-6600.00,9.00,-0.01
-66,4559,6.28,-6600.00,9.00,-0.01
-66,4493,6.28,-6600.00,9.04,-0.02
-66,4427,6.28,-6600.00,9.03,-0.01
-66,4361,6.28,-6600.00,9.08,-0.02
-66,4295,6.28,-6600.00,9.08,-0.02
-65,4230,6.28,-6500.00,9.04,-0.01
-67,4163,6.28,-6700.00,9.04,-0.01
-65,4098,6.28,-6500.00,8.98,-0.01
-66,4032,6.28,-6600.00,8.99,-0.01
-66,3966,6.28,-6600.00,9.00,-0.01
-66,3900,6.28,-6600.00,9.01,-0.01
-66,3834,6.28,-6600.00,9.08,-0.01
-66,3768,6.28,-6600.00,9.08,-0.01
-65,3703,6.28,-6500.00,9.08,-0.01
-66,3637,6.28,-6600.00,9.06,-0.01
-65,3572,6.28,-6500.00,9.01,-0.01
-66,3506,6.28,-6600.00,9.00,-0.01
-66,3440,6.28,-6600.00,8.99,-0.01
-65,3375,6.28,-6500.00,9.03,-0.01
-67,3308,6.28,-6700.00,9.07,-0.01
-65,3243,6.28,-6500.00,9.06,-0.01
-66,3177,6.28,-6600.00,9.09,-0.02
-66,3111,6.28,-6600.00,9.04,-0.01
-66,3045,3.14,-6600.00,9.00,-0.01
-66,2979,3.14,-6600.00,8.99,-0.01
-66,2913,3.14,-6600.00,8.97,-0.01
-65,2848,3.14,-6500.00,9.02,-0.01
-67,2781,3.14,-6700.00,9.04,-0.01
-65,2716,3.14,-6500.00,9.07,-0.01
-66,2650,3.14,-6600.00,9.11,-0.02
-66,2584,3.14,-6600.00,9.07,-0.02
-65,2519,3.14,-6500.00,9.07,-0.02
-67,2452,3.14,-6700.00,9.03,-0.01
-65,2387,3.14,-6500.00,8.98,-0.01
-66,2321,3.14,-6600.00,9.01,-0.01
-66,2255,3.14,-6600.00,8.99,-0.00
-66,2189,3.14,-6600.00,9.03,-0.01
-65,2124,3.14,-6500.00,9.06,-0.01
-66,2058,3.14,-6600.00,9.05,-0.01
-66,1992,3.14,-6600.00,9.07,-0.01
-66,1926,3.14,-6600.00,9.01,-0.01
-66,1860,3.14,-6600.00,9.01,-0.01
-65,1795,3.14,-6500.00,9.01,-0.01
-66,1729,3.14,-6600.00,9.00,-0.01
-66,1663,3.14,-6600.00,9.07,-0.01
-66,1597,3.14,-6600.00,9.05,-0.01
-65,1532,0.00,-6500.00,9.07,-0.01
-67,1465,0.00,-6700.00,9.08,-0.01
-65,1400,0.00,-6500.00,9.03,-0.00
-66,1334,0.00,-6600.00,9.04,-0.01
-66,1268,0.00,-6600.00,9.00,-0.00
-66,1202,0.00,-6600.00,9.01,-0.00
-66,1136,0.00,-6600.00,9.05,-0.01
-65,1071,0.00,-6500.00,9.05,-0.01
-66,1005,0.00,-6600.00,9.10,-0.02
-66,939,0.00,-6600.00,9.08,-0.01
-66,873,0.00,-6600.00,9.06,-0.01
-65,808,0.00,-6500.00,9.04,-0.01
-66,742,0.00,-6600.00,8.99,-0.00
-66,676,0.00,-6600.00,9.01,-0.01
-66,610,0.00,-6600.00,9.00,-0.01
-66,544,0.00,-6600.00,9.04,-0.01
-66,478,0.00,-6600.00,9.09,-0.02
-66,412,0.00,-6600.00,9.07,-0.02
-65,347,0.00,-6500.00,9.09,-0.01
-66,281,0.00,-6600.00,9.04,-0.01
-66,215,0.00,-6600.00,9.01,-0.01
-66,149,0.00,-6600.00,9.00,-0.02
-65,84,0.00,-6500.00,8.97,-0.01
-66,18,0.00,-6600.00,9.01,-0.02
-66,-48,0.00,-6600.00,9.02,-0.02
-66,-114,0.00,-6600.00,9.04,-0.02
-66,-180,0.00,-6600.00,9.09,-0.02
-65,-245,0.00,-6500.00,9.04,-0.01
-66,-311,0.00,-6600.00,9.05,-0.01
-66,-377,0.00,-6600.00,9.01,-0.01
-66,-443,0.00,-6600.00,8.99,-0.01
-65,-508,0.00,-6500.00,9.02,-0.02
-67,-575,0.00,-6700.00,9.02,-0.02
-65,-640,0.00,-6500.00,9.07,-0.02
-66,-706,0.00,-6600.00,9.08,-0.02
-66,-772,0.00,-6600.00,9.06,-0.01
-66,-838,0.00,-6600.00,9.07,-0.01
-66,-904,0.00,-6600.00,9.02,-0.01
-65,-969,0.00,-6500.00,9.01,-0.01
-66,-1035,0.00,-6600.00,9.01,-0.01
-66,-1101,0.00,-6600.00,9.02,-0.01
-66,-1167,0.00,-6600.00,9.07,-0.02
-65,-1232,0.00,-6500.00,9.07,-0.02
-67,-1299,0.00,-6700.00,9.10,-0.02
-65,-1364,0.00,-6500.00,9.07,-0.01
-67,-1431,0.00,-6700.00,9.02,-0.01
-65,-1496,0.00,-6500.00,9.02,-0.01
-66,-1562,-3.14,-6600.00,8.98,-0.01
-66,-1628,-3.14,-6600.00,8.99,-0.01
-66,-1694,-3.14,-6600.00,9.04,-0.01
-66,-1760,-3.14,-6600.00,9.03,-0.01
-65,-1825,-3.14,-6500.00,9.09,-0.02
-67,-1892,-3.14,-6700.00,9.08,-0.01
-65,-1957,-3.14,-6500.00,9.05,-0.01
-67,-2024,-3.14,-6700.00,9.04,-0.01
-65,-2089,-3.14,-6500.00,8.98,-0.01
-66,-2155,-3.14,-6600.00,9.00,-0.01
-66,-2221,-3.14,-6600.00,9.00,-0.01
-66,-2287,-3.14,-6600.00,9.02,-0.01
-65,-2352,-3.14,-6500.00,9.08,-0.01
-67,-2419,-3.14,-6700.00,9.07,-0.01
-65,-2484,-3.14,-6500.00,9.07,-0.01
-66,-2550,-3.14,-6600.00,9.03,-0.01
-66,-2616,-3.14,-6600.00,8.98,-0.01
-66,-2682,-3.14,-6600.00,9.01,-0.02
-66,-2748,-3.14,-6600.00,8.98,-0.01
-66,-2814,-3.14,-6600.00,9.03,-0.01
-66,-2880,-3.14,-6600.00,8.82,0.00
-64,-2944,-3.14,-6400.00,8.46,0.03
-64,-3008,-3.14,-6400.00,8.11,0.05
-63,-3071,-3.14,-6300.00,7.68,0.08
-61,-3132,-6.28,-6100.00,7.49,0.08
-60,-3192,-6.28,-6000.00,7.37,0.08
-60,-3252,-6.28,-6000.00,7.23,0.08
-59,-3311,-6.28,-5900.00,7.10,0.08
-58,-3369,-6.28,-5800.00,6.97,0.08
-57,-3426,-6.28,-5700.00,6.85,0.08
-56,-3482,-6.28,-5600.00,6.73,0.08
-54,-3536,-6.28,-5400.00,6.60,0.08
-55,-3591,-6.28,-5500.00,6.47,0.08
-53,-3644,-6.28,-5300.00,6.34,0.08
-52,-3696,-6.28,-5200.00,6.22,0.08
-51,-3747,-6.28,-5100.00,6.10,0.08
-50,-3797,-6.28,-5000.00,5.98,0.08
-50,-3847,-6.28,-5000.00,5.86,0.08
-49,-3896,-6.28,-4900.00,5.74,0.08
-47,-3943,-6.28,-4700.00,5.62,0.08
-47,-3990,-6.28,-4700.00,5.50,0.07
-46,-4036,-6.28,-4600.00,5.39,0.07
-45,-4081,-6.28,-4500.00,5.28,0.08
-44,-4125,-6.28,-4400.00,5.17,0.08
-44,-4169,-6.28,-4400.00,5.05,0.08
-43,-4212,-6.28,-4300.00,4.95,0.08
-41,-4253,-6.28,-4100.00,4.83,0.08
-42,-4295,-6.28,-4200.00,4.71,0.08
-40,-4335,-6.28,-4000.00,4.60,0.08
-39,-4374,-6.28,-3900.00,4.49,0.08
-38,-4412,-6.28,-3800.00,4.38,0.08
-38,-4450,-6.28,-3800.00,4.28,0.08
-37,-4487,-6.28,-3700.00,4.17,0.08
-36,-4523,-6.28,-3600.00,4.06,0.08
-36,-4559,-6.28,-3600.00,3.96,0.08
-34,-4593,-6.28,-3400.00,3.86,0.08
-35,-4628,-9.43,-3500.00,3.75,0.08
-32,-4660,-9.43,-3200.00,3.65,0.08
-32,-4692,-9.43,-3200.00,3.56,0.08
-32,-4724,-9.43,-3200.00,3.46,0.08
-31,-4755,-9.43,-3100.00,3.36,0.08
-30,-4785,-9.43,-3000.00,3.26,0.08
-30,-4815,-9.43,-3000.00,3.16,0.08
-29,-4844,-9.43,-2900.00,3.06,0.08
-28,-4872,-9.43,-2800.00,2.98,0.08
-27,-4899,-9.43,-2700.00,2.88,0.08
-26,-4925,-9.43,-2600.00,2.78,0.08
-26,-4951,-9.43,-2600.00,2.69,0.08
-25,-4976,-9.43,-2500.00,2.59,0.08
-24,-5000,-9.43,-2400.00,2.50,0.08
-24,-5024,-9.43,-2400.00,2.42,0.08
-24,-5048,-9.43,-2400.00,2.33,0.08
-22,-5070,-9.43,-2200.00,2.24,0.08
-22,-5092,-9.43,-2200.00,2.15,0.08
-21,-5113,-9.43,-2100.00,2.07,0.08
-21,-5134,-9.43,-2100.00,1.98,0.08
-20,-5154,-9.43,-2000.00,1.90,0.08
-19,-5173,-9.43,-1900.00,1.81,0.08
-19,-5192,-9.43,-1900.00,1.74,0.08
-18,-5210,-9.43,-1800.00,1.65,0.08
-17,-5227,-9.43,-1700.00,1.57,0.08
-17,-5244,-9.43,-1700.00,1.49,0.08
-16,-5260,-9.43,-1600.00,1.41,0.08
-16,-5276,-9.43,-1600.00,1.33,0.08
-15,-5291,-9.43,-1500.00,1.26,0.08
-14,-5305,-9.43,-1400.00,1.18,0.08
-15,-5320,-9.43,-1500.00,1.11,0.08
-13,-5333,-9.43,-1300.00,1.04,0.08
-12,-5345,-9.43,-1200.00,0.97,0.08
-13,-5358,-9.43,-1300.00,0.90,0.08
-11,-5369,-9.43,-1100.00,0.84,0.08
-11,-5380,-9.43,-1100.00,0.76,0.08
-12,-5392,-9.43,-1200.00,0.69,0.08
-9,-5401,-9.43,-900.00,0.63,0.08
-10,-5411,-9.43,-1000.00,0.56,0.08
-9,-5420,-9.43,-900.00,0.50,0.08
-8,-5428,-9.43,-800.00,0.44,0.08
-8,-5436,-9.43,-800.00,0.37,0.08
-8,-5444,-9.43,-800.00,0.32,0.08
-7,-5451,-9.43,-700.00,0.26,0.08
-6,-5457,-9.43,-600.00,0.21,0.08
-7,-5464,-9.43,-700.00,0.16,0.08
-4,-5468,-9.43,-400.00,0.11,0.09
-6,-5474,-9.43,-600.00,0.08,0.09
-4,-5478,-9.43,-400.00,0.05,0.09
-4,-5482,-9.43,-400.00,0.03,0.09
-4,-5486,-9.43,-400.00,0.02,0.09
-2,-5488,-9.43,-200.00,0.01,0.09
-3,-5491,-9.43,-300.00,0.01,0.08
-2,-5493,-9.43,-200.00,0.01,0.08
-2,-5495,-9.43,-200.00,0.01,0.08
1,-5494,-9.43,100.00,0.01,0.08
2,-5492,-9.43,200.00,0.01,0.09
1,-5491,-9.43,100.00,0.01,0.09
0,-5491,-9.43,0.00,0.01,0.09
0,-5491,-9.43,0.00,0.01,0.09
0,-5491,-9.43,0.00,0.01,0.09
-1,-5492,-9.43,-100.00,0.01,0.09
0,-5492,-9.43,0.00,0.01,0.09
0,-5492,-9.43,0.00,0.01,0.09
0,-5492,-9.43,0.00,0.01,0.08
0,-5492,-9.43,0.00,0.01,0.08
0,-5492,-9.43,0.00,0.01,0.08
0,-5492,-9.43,0.00,0.01,0.08
0,-5492,-9.43,0.00,0.01,0.08
0,-5492,-9.43,0.00,0.01,0.08
0,-5492,-9.43,0.00,0.01,0.08
0,-5492,-9.43,0.00,0.01,0.08
0,-5492,-9.43,0.00,0.01,0.08
0,-5492,-9.43,0.00,0.01,0.08
0,-5492,-9.43,0.00,0.01,0.08
0,-5492,-9.43,0.00,0.01,0.09
0,-5492,-9.43,0.00,0.01,0.09
0,-5492,-9.43,0.00,0.01,0.09
0,-5492,-9.43,0.00,0.01,0.09
0,-5492,-9.43,0.00,0.01,0.09
0,-5492,-9.43,0.00,0.01,0.08
0,-5492,-9.43,0.00,0.01,0.08
0,-5492,-9.43,0.00,0.01,0.08
0,-5492,-9.43,0.00,0.01,0.08
0,-5492,-9.43,0.00,0.01,0.09
0,-5492,-9.43,0.00,0.01,0.09
0,-5492,-9.43,0.00,0.01,0.09
0,-5492,-9.43,0.00,0.01,0.09
0,-5492,-9.43,0.00,0.01,0.09
0,-5492,-9.43,0.00,0.01,0.09
0,-5492,-9.43,0.00,0.01,0.09
0,-5492,-9.43,0.00,0.01,0.09
0,-5492,-9.43,0.00,0.01,0.09
0,-5492,-9.43,0.00,0.01,0.08
0,-5492,-9.43,0.00,0.01,0.08
0,-5492,-9.43,0.00,0.01,0.08
0,-5492,-9.43,0.00,0.01,0.08
0,-5492,-9.43,0.00,0.01,0.09
0,-5492,-9.43,0.00,0.01,0.09
0,-5492,-9.43,0.00,0.01,0.09
0,-5492,-9.43,0.00,0.01,0.09
0,-5492,-9.43,0.00,0.01,0.09
0,-5492,-9.43,0.00,0.01,0.09
0,-5492,-9.43,0.00,0.01,0.09
0,-5492,-9.43,0.00,0.01,0.09
0,-5492,-9.43,0.00,0.01,0.09
0,-5492,-9.43,0.00,0.01,0.09
0,-5492,-9.43,0.00,0.01,0.09
0,-5492,-9.43,0.00,0.01,0.08
0,-5492,-9.43,0.00,0.01,0.08
0,-5492,-9.43,0.00,0.01,0.08
0,-5492,-9.43,0.00,0.01,0.08
0,-5492,-9.43,0.00,0.01,0.08
0,-5492,-9.43,0.00,0.01,0.08
0,-5492,-9.43,0.00,0.01,0.08
0,-5492,-9.43,0.00,0.01,0.09
0,-5492,-9.43,0.00,0.01,0.09
0,-5492,-9.43,0.00,0.01,0.09
0,-5492,-9.43,0.00,0.01,0.08
0,-5492,-9.43,0.00,0.01,0.08
0,-5492,-9.43,0.00,0.01,0.09
0,-5492,-9.43,0.00,0.01,0.09
0,-5492,-9.43,0.00,0.01,0.09
0,-5492,-9.43,0.00,0.01,0.09
0,-5492,-9.43,0.00,0.01,0.08
0,-5492,-9.43,0.00,0.01,0.09
0,-5492,-9.43,0.00,0.01,0.09
0,-5492,-9.43,0.00,0.01,0.09
0,-5492,-9.43,0.00,0.01,0.09
0,-5492,-9.43,0.00,0.01,0.08
0,-5492,-9.43,0.00,0.01,0.09
0,-5492,-9.43,0.00,0.01,0.08
0,-5492,-9.43,0.00,0.01,0.09
0,-5492,-9.43,0.00,0.01,0.09
0,-5492,-9.43,0.00,0.01,0.09
0,-5492,-9.43,0.00,0.01,0.09
0,-5492,-9.43,0.00,0.01,0.09
0,-5492,-9.43,0.00,0.01,0.09
0,-5492,-9.43,0.00,0.01,0.08
0,-5492,-9.43,0.00,0.01,0.09
0,-5492,-9.43,0.00,0.01,0.09
0,-5492,-9.43,0.00,0.01,0.09
0,-5492,-9.43,0.00,0.01,0.09
0,-5492,-9.43,0.00,0.01,0.08
0,-5492,-9.43,0.00,0.01,0.08
0,-5492,-9.43,0.00,0.01,0.08
0,-5492,-9.43,0.00,0.01,0.08
0,-5492,-9.43,0.00,0.01,0.09
0,-5492,-9.43,0.00,0.01,0.09
0,-5492,-9.43,0.00,0.01,0.09
0,-5492,-9.43,0.00,0.01,0.09
0,-5492,-9.43,0.00,0.01,0.09
0,-5492,-9.43,0.00,0.01,0.08
0,-5492,-9.43,0.00,0.01,0.08
0,-5492,-9.43,0.00,0.01,0.08
0,-5492,-9.43,0.00,0.01,0.08
0,-5492,-9.43,0.00,0.01,0.08
0,-5492,-9.43,0.00,0.01,0.08
0,-5492,-9.43,0.00,0.01,0.08
0,-5492,-9.43,0.00,0.01,0.08
0,-5492,-9.43,0.00,0.01,0.08
0,-5492,-9.43,0.00,0.01,0.08
0,-5492,-9.43,0.00,0.01,0.08
0,-5492,-9.43,0.00,0.01,0.08
0,-5492,-9.43,0.00,0.01,0.08
0,-5492,-9.43,0.00,0.01,0.08
0,-5492,-9.43,0.00,0.01,0.08
0,-5492,-9.43,0.00,0.01,0.08
0,-5492,-9.43,0.00,0.01,0.08
0,-5492,-9.43,0.00,0.01,0.09
0,-5492,-9.43,0.00,0.01,0.09
0,-5492,-9.43,0.00,0.01,0.09
0,-5492,-9.43,0.00,0.01,0.09
0,-5492,-9.43,0.00,0.01,0.09
0,-5492,-9.43,0.00,0.01,0.08
0,-5492,-9.43,0.00,0.01,0.09
0,-5492,-9.43,0.00,0.01,0.09
0,-5492,-9.43,0.00,0.01,0.09
0,-5492,-9.43,0.00,0.01,0.08
0,-5492,-9.43,0.00,0.01,0.08
0,-5492,-9.43,0.00,0.01,0.09
0,-5492,-9.43,0.00,0.01,0.08
0,-5492,-9.43,0.00,0.01,0.09
0,-5492,-9.43,0.00,0.01,0.09
0,-5492,-9.43,0.00,0.01,0.08
0,-5492,-9.43,0.00,0.01,0.09
0,-5492,-9.43,0.00,0.01,0.09
0,-5492,-9.43,0.00,0.01,0.09
0,-5492,-9.43,0.00,0.01,0.09
0,-5492,-9.43,0.00,0.01,0.08
0,-5492,-9.43,0.00,0.01,0.08
0,-5492,-9.43,0.00,0.01,0.08
0,-5492,-9.43,0.00,0.01,0.08
0,-5492,-9.43,0.00,0.01,0.08
0,-5492,-9.43,0.00,0.01,0.08
0,-5492,-9.43,0.00,0.01,0.09
0,-5492,-9.43,0.00,0.01,0.09
0,-5492,-9.43,0.00,0.01,0.09
0,-5492,-9.43,0.00,0.01,0.09
0,-5492,-9.43,0.00,0.01,0.09
0,-5492,-9.43,0.00,0.01,0.09
0,-5492,-9.43,0.00,0.01,0.09
0,-5492,-9.43,0.00,0.01,0.09
0,-5492,-9.43,0.00,0.01,0.09
0,-5492,-9.43,0.00,0.01,0.08
0,-5492,-9.43,0.00,0.01,0.08
0,-5492,-9.43,0.00,0.01,0.08
0,-5492,-9.43,0.00,0.01,0.08
0,-5492,-9.43,0.00,0.01,0.08
0,-5492,-9.43,0.00,0.01,0.08
0,-5492,-9.43,0.00,0.01,0.08
0,-5492,-9.43,0.00,0.01,0.08
0,-5492,-9.43,0.00,0.01,0.09
0,-5492,-9.43,0.00,0.01,0.09
0,-5492,-9.43,0.00,0.01,0.09
0,-5492,-9.43,0.00,0.01,0.09
0,-5492,-9.43,0.00,0.01,0.09
0,-5492,-9.43,0.00,0.01,0.09
0,-5492,-9.43,0.00,0.01,0.09
0,-5492,-9.43,0.00,0.01,0.09
0,-5492,-9.43,0.00,0.01,0.09
0,-5492,-9.43,0.00,0.01,0.09
0,-5492,-9.43,0.00,0.01,0.08
0,-5492,-9.43,0.00,0.01,0.08
0,-5492,-9.43,0.00,0.01,0.08
0,-5492,-9.43,0.00,0.01,0.08
0,-5492,-9.43,0.00,0.01,0.08
0,-5492,-9.43,0.00,0.01,0.09
0,-5492,-9.43,0.00,0.01,0.08
0,-5492,-9.43,0.00,0.01,0.08
0,-5492,-9.43,0.00,0.01,0.08
0,-5492,-9.43,0.00,0.01,0.08
0,-5492,-9.43,0.00,0.01,0.09
0,-5492,-9.43,0.00,0.01,0.09
0,-5492,-9.43,0.00,0.01,0.09
0,-5492,-9.43,0.00,0.01,0.09
0,-5492,-9.43,0.00,0.01,0.09
0,-5492,-9.43,0.00,0.01,0.09
0,-5492,-9.43,0.00,0.01,0.09